175	Rmon	4	-1775
174	Rmon	3	-1600
173	Rmon	2	-1500
172	Rmon	1	-1950
171	DI	2	-0
170	DI	1	-0
165	H1B	1	-1330
164	H1B	2	-1220
163	H1B	3	-1300
162	H1B	4	-1320
161	H1B	5	-1280
160	H1B	6	-1320
143	H1B	7	-1440
142	H1B	8	-1400
141	H1B	9	-1400
140	H1B	10	-1460
139	H1B	11	-1500
138	H1B	12	-1440
137	H1B	13	-1420
136	H1B	14	-1460
135	H1B	15	-1480
134	H1B	16	-1500
133	H1B	17	-1420
132	H1B	18	-1380
131	H1B	19	-1480
130	H1B	20	-1450
129	H1B	21	-1500
128	H1B	22	-1330
111	H1B	23	-1300
71	H1L	1	-1550
70	H1L	2	-1580
69	H1L	3	-1540
68	H1L	4	-1630
67	H1L	5	-1410
66	H1L	6	-1480
65	H1L	7	-1680
64	H1L	8	-1430
47	H1L	9	-1540
46	H1L	10	-1640
45	H1L	11	-1480
44	H1L	12	-1410
43	H1L	13	-1540
42	H1L	14	-1440
41	H1L	15	-1600
40	H1L	16	-1640
39	H1L	17	-1640
38	H1L	18	-1460
37	H1L	19	-1640
36	H1L	20	-1520
35	H1R	1	-1580
34	H1R	2	-1580
33	H1R	3	-1580
32	H1R	4	-1520
15	H1R	5	-1640
14	H1R	6	-1680
13	H1R	7	-1580
12	H1R	8	-1500
11	H1R	9	-1500
10	H1R	10	-1540
9	H1R	11	-1480
8	H1R	12	-1550
7	H1R	13	-1440
6	H1R	14	-1580
5	H1R	15	-1480
4	H1R	16	-1600
3	H1R	17	-1680
2	H1R	18	-1520
1	H1R	19	-1690
0	H1R	20	-1620
110	H1T	1	-0
109	H1T	2	-0
108	H1T	3	-0
107	H1T	4	-0
106	H1T	5	-1690
105	H1T	6	-1640
104	H1T	7	-1490
103	H1T	8	-1540
102	H1T	9	-1520
101	H1T	10	-1570
100	H1T	11	-1620
99	H1T	12	-1670
98	H1T	13	-1530
97	H1T	14	-1680
96	H1T	15	-1320
79	H1T	16	-1540
78	H1T	17	-1560
77	H1T	18	-1560
76	H1T	19	-1540
75	H1T	20	-0
74	H1T	21	-0
73	H1T	22	-0
72	H1T	23	-0
