165     H1XB    1       -1530
164     H1XB    2       -1370
163     H1XB    3       -1450
162     H1XB    4       -1420
161     H1XB    5       -1400
160     H1XB    6       -1490
143     H1XB    7       -1470
142     H1XB    8       -1490
141     H1XB    9       -1500
140     H1XB    10      -1510
139     H1XB    11      -1550
138     H1XB    12      -1610
137     H1XB    13      -1530
136     H1XB    14      -1560
135     H1XB    15      -1530
134     H1XB    16      -1600
133     H1XB    17      -1520
132     H1XB    18      -1370
131     H1XB    19      -1580
130     H1XB    20      -1550
129     H1XB    21      -1600
128     H1XB    22      -1430
111     H1XB    23      -1450
71      H1YL    1       -1550
70      H1YL    2       -1530
69      H1YL    3       -1600
68      H1YL    4       -1550
67      H1YL    5       -1630
66      H1YL    6       -1630
65      H1YL    7       -1720
64      H1YL    8       -1760
47      H1YL    9       -1660
46      H1YL    10      -1660
45      H1YL    11      -1700
44      H1YL    12      -1680
43      H1YL    13      -1600
42      H1YL    14      -1720
41      H1YL    15      -1700
40      H1YL    16      -1630
39      H1YL    17      -1550
38      H1YL    18      -1440
37      H1YL    19      -1730
36      H1YL    20      -1710
35      H1YR    1       -1560
34      H1YR    2       -1540
33      H1YR    3       -1580
32      H1YR    4       -1540
15      H1YR    5       -1530
14      H1YR    6       -1570
13      H1YR    7       -1640
12      H1YR    8       -1640
11      H1YR    9       -1350
10      H1YR    10      -1520
9       H1YR    11      -1510
8       H1YR    12      -1550
7       H1YR    13      -1540
6       H1YR    14      -1520
5       H1YR    15      -1505
4       H1YR    16      -1620
3       H1YR    17      -1560
2       H1YR    18      -1560
1       H1YR    19      -1580
0       H1YR    20      -1600
110     H1XT    1       -1480
109     H1XT    2       -1510
108     H1XT    3       -1400
107     H1XT    4       -1450
106     H1XT    5       -1440
105     H1XT    6       -1440
104     H1XT    7       -1560
103     H1XT    8       -1360
102     H1XT    9       -1460
101     H1XT    10      -1450
100     H1XT    11      -1450
99      H1XT    12      -1420
98      H1XT    13      -1490
97      H1XT    14      -1460
96      H1XT    15      -1510
79      H1XT    16      -1500
78      H1XT    17      -1430
77      H1XT    18      -1420
76      H1XT    19      -1410
75      H1XT    20      -1410
74      H1XT    21      -1490
73      H1XT    22      -1520
72      H1XT    23      -1500
