0       H3XB    1           -100 
1       H3XB    2           -100 	
2       H3XB    3           -100 	
3       H3XB    4           -100 	
4       H3XB    5           -100 	
5       H3XB    6           -100 	
6       H3XB    7           -100 	
7       H3XB    8           -100 	
8       H3XB    9           -100 	
9       H3XB    10          -100 	
10      H3XB    11          -100 	
11      H3XB    12          -100 	
12      H3XB    13          -100 	
13      H3XB    14          -100 	
14      H3XB    15          -100 	
15      H3XB    16          -100 	
16      H3XT    1           -100 
17      H3XT    2           -100 	
18      H3XT    3           -100 	
19      H3XT    4           -100 	
20      H3XT    5           -100 	
21      H3XT    6           -100 	
22      H3XT    7           -100 	
23      H3XT    8           -100 	
24      H3XT    9           -100 	
25      H3XT    10          -100 	
26      H3XT    11          -100 
27      H3XT    12          -100 	
28      H3XT    13          -100 	
29      H3XT    14          -100 	
30      H3XT    15          -100 	
31      H3XT    16          -100 	
32      H4Y1L-l 1           -100 	
33      H4Y1L-l 2           -100 	
34      H4Y1L-l 3           -100 	
35      H4Y1L-l 4           -100 	
36      H4Y1L-l 5           -100 	
37      H4Y1L-l 6           -100 	
38      H4Y1L-l 7           -100 	
39      H4Y1L-l 8           -100 	
40      H4Y1L-l 9           -100 	
41      H4Y1L-l 10          -100 	
42      H4Y1L-l 11          -100 	
43      H4Y1L-l 12          -100 	
44      H4Y1L-l 13          -100 	
45      H4Y1L-l 14          -100 	
46      H4Y1L-l 15          -100 	
47      H4Y1L-l 16          -100 	
48      H4Y1L-r 1           -100 	
49      H4Y1L-r 2           -100 	
50      H4Y1L-r 3           -100 	
51      H4Y1L-r 4           -100 	
52      H4Y1L-r 5           -100 	
53      H4Y1L-r 6           -100 	
54      H4Y1L-r 7           -100 	
55      H4Y1L-r 8           -100 	
56      H4Y1L-r 9           -100 	
57      H4Y1L-r 10          -100 	
58      H4Y1L-r 11          -100 	
59      H4Y1L-r 12          -100 	
60      H4Y1L-r 13          -100 	
61      H4Y1L-r 14          -100 	
62      H4Y1L-r 15          -100 	
63      H4Y1L-r 16          -100 	
64      H4Y1R-l 1           -100 	
65      H4Y1R-l 2           -100 	
66      H4Y1R-l 3           -100 	
67      H4Y1R-l 4           -100 	
68      H4Y1R-l 5           -100 	
69      H4Y1R-l 6           -100 	
70      H4Y1R-l 7           -100 	
71      H4Y1R-l 8           -100 	
72      H4Y1R-l 9           -100 	
73      H4Y1R-l 10          -100 	
74      H4Y1R-l 11          -100 	
75      H4Y1R-l 12          -100 	
76      H4Y1R-l 13          -100 	
77      H4Y1R-l 14          -100 	
78      H4Y1R-l 15          -100 	
79      Bad     NA	    -100 	
80      H4Y1R-r 16          -100 	
81      H4Y1R-r 15          -100 	
82      H4Y1R-r 14          -100 	
83      H4Y1R-r 13          -100 	
84      H4Y1R-r 12          -100 	
85      H4Y1R-r 11          -100 	
86      H4Y1R-r 10          -100 	
87      H4Y1R-r 9           -100 
88      H4Y1R-r 8           -100 	
89      H4Y1R-r 7           -100 	
90      H4Y1R-r 6           -100 	
91      H4Y1R-r 5           -100 	
92      H4Y1R-r 4           -100 	
93      H4Y1R-r 3           -100 	
94      H4Y1R-r 2           -100 	
95      H4Y1R-r 1           -100 	
96      Bad     NA          -100 	
97      H4Y2L-l 2           -100 	
98      H4Y2L-l 3           -100 	
99      H4Y2L-l 4           -100 	
100     H4Y2L-l 5           -100 	
101     H4Y2L-l 6           -100 	
102     H4Y2L-l 7           -100 	
103     H4Y2L-l 8           -100 	
104     H4Y2L-l 9           -100 	
105     H4Y2L-l 10          -100 	
106     H4Y2L-l 11          -100 	
107     H4Y2L-l 12          -100 	
108     H4Y2L-l 13          -100 	
109     H4Y2L-l 14          -100 	
110     H4Y2L-l 15          -100 	
111     H4Y2L-l 16          -100 	
112     H4Y2L-r 1           -100 	
113     H4Y2L-r 2           -100 	
114     H4Y2L-r 3           -100 	
115     H4Y2L-r 4           -100 	
116     H4Y2L-r 5           -100 	
117     H4Y2L-r 6           -100 	
118     H4Y2L-r 7           -100 	
119     H4Y2L-r 8           -100 	
120     H4Y2L-r 9           -100 	
121     H4Y2L-r 10          -100 	
122     H4Y2L-r 11          -100 	
123     H4Y2L-r 12          -100 	
124     H4Y2L-r 13          -100 	
125     Bad     NA          -100 	
126     H4Y2L-r 15          -100 	
127     H4Y2L-r 16          -100 	
128     H4Y2R-l 1           -100 	
129     H4Y2R-l 2           -100 	
130     H4Y2R-l 3           -100 	
131     H4Y2R-l 4           -100 	
132     H4Y2R-l 5           -100 	
133     H4Y2R-l 6           -100 	
134     H4Y2R-l 7           -100 	
135     H4Y2R-l 8           -100 	
136     H4Y2R-l 9           -100 	
137     H4Y2R-l 10          -100 	
138     H4Y2R-l 11          -100 	
139     H4Y2R-l 12          -100 	
140     H4Y2R-l 13          -100 	
141     H4Y2R-l 14          -100 	
142     H4Y2R-l 15          -100 	
143     H4Y2R-l 16          -100 	
144     H4Y2R-r 1           -100 	
145     H4Y2R-r 2           -100 	
146     H4Y2R-r 3           -100 	
147     H4Y2R-r 4           -100 	
148     H4Y2R-r 5           -100 	
149     H4Y2R-r 6           -100 	
150     H4Y2R-r 7           -100 	
151     H4Y2R-r 8           -100 	
152     H4Y2R-r 9           -100 	
153     H4Y2R-r 10          -100 	
154     H4Y2R-r 11          -100 	
155     H4Y2R-r 12          -100 	
156     H4Y2R-r 13          -100 	
157     H4Y2R-r 14          -100 	
158     H4Y2R-r 15          -100 	
159     H4Y2R-r 16          -100 	
160     H4B-d   1           -100 	
161     H4B-d   2           -100 	
162     H4B-d   3           -100 	
163     H4B-d   4           -100 	
164     H4B-d   5           -100 	
165     H4B-d   6           -100 	
166     H4B-d   7           -100 	
167     H4B-d   8           -100 	
168     H4B-d   9           -100 	
169     H4B-d   10          -100 	
170     H4B-d   11          -100 	
171     H4B-d   12          -100 	
172     H4B-d   13          -100 	
173     H4B-d   14          -100 	
174     H4B-d   15          -100 	
175     H4B-d   16          -100 	
176     H4B-u   1           -100 	
177     H4B-u   2           -100 	
178     H4B-u   3           -100 	
179     H4B-u   4           -100 	
180     H4B-u   5           -100 	
181     H4B-u   6           -100 	
182     H4B-u   7           -100 	
183     H4B-u   8           -100 	
184     H4B-u   9           -100 	
185     H4B-u   10          -100 	
186     H4B-u   11          -100 	
187     H4B-u   12          -100 	
188     H4B-u   13          -100 	
189     H4B-u   14          -100 	
190     H4B-u   15          -100 	
191     H4B-u   16          -100 	
192     H4T-d   1           -100 	
193     H4T-d   2           -100 	
194     H4T-d   3           -100 	
195     H4T-d   4           -100 	
196     H4T-d   5           -100 	
197     H4T-d   6           -100 	
198     H4T-d   7           -100 	
199     H4T-d   8           -100 	
200     H4T-d   9           -100 	
201     H4T-d   10          -100 	
202     H4T-d   11          -100 	
203     H4T-d   12          -100 	
204     H4T-d   13          -100 	
205     H4T-d   14          -100 	
206     H4T-d   15          -100 	
207     Bad     NA          -100 	
208     H4T-u   1           -100 	
209     H4T-u   2           -100 	
210     H4T-u   3           -100 	
211     H4T-u   4           -100 	
212     H4T-u   5           -100 	
213     H4T-u   6           -100 	
214     H4T-u   7           -100 	
215     H4T-u   8           -100 	
216     H4T-u   9           -100 	
217     H4T-u   10          -100 	
218     H4T-u   11          -100 	
219     H4T-u   12          -100 	
220     H4T-u   13          -100 	
221     H4T-u   14          -100 	
222     H4T-u   15          -100 	
223     H4T-u   16          -100 
252     H4T-d   16          -100 	
253	H4Y2L-l	1	    -100 
254	H4Y2L-r	14	    -100 
255     H4Y1R-l 16          -100 		
