175	Rmon	4	-737
174	Rmon	3	-582
173	Rmon	2	-628	
172	Rmon	1	-704
171	DI	2	-0
170	DI	1	-0
165	H1B	1	-1330
164	H1B	2	-1220
163	H1B	3	-1300
162	H1B	4	-1320
161	H1B	5	-1280
160	H1B	6	-1340
143	H1B	7	-1320
142	H1B	8	-1440
141	H1B	9	-1400
140	H1B	10	-1460
139	H1B	11	-1500
138	H1B	12	-1440
137	H1B	13	-1420
136	H1B	14	-1460
135	H1B	15	-1480
134	H1B	16	-1500
133	H1B	17	-1420
132	H1B	18	-1380
131	H1B	19	-1480
130	H1B	20	-1450
129	H1B	21	-1500
128	H1B	22	-1330
111	H1B	23	-1300
71	H1L	1	-1550
70	H1L	2	-1580
69	H1L	3	-1600
68	H1L	4	-1550
67	H1L	5	-1630
66	H1L	6	-1630
65	H1L	7	-1720
64	H1L	8	-1680
47	H1L	9	-1660
46	H1L	10	-1660
45	H1L	11	-1700
44	H1L	12	-1680
43	H1L	13	-1600
42	H1L	14	-1720
41	H1L	15	-1750
40	H1L	16	-1630
39	H1L	17	-1760
38	H1L	18	-1440
37	H1L	19	-1780
36	H1L	20	-1760
35	H1R	1	-1560
34	H1R	2	-1540
33	H1R	3	-1580
32	H1R	4	-1540
15	H1R	5	-1530
14	H1R	6	-1520
13	H1R	7	-1640
12	H1R	8	-1640
11	H1R	9	-1520
10	H1R	10	-1510
9	H1R	11	-1510
8	H1R	12	-1550
7	H1R	13	-1540
6	H1R	14	-1520
5	H1R	15	-1505
4	H1R	16	-1620
3	H1R	17	-1560
2	H1R	18	-1560
1	H1R	19	-1530
0	H1R	20	-1600
110	H1T	1	-1480
109	H1T	2	-1460
108	H1T	3	-1400
107	H1T	4	-1400
106	H1T	5	-1440
105	H1T	6	-1480
104	H1T	7	-1460
103	H1T	8	-1360
102	H1T	9	-1410
101	H1T	10	-1400
100	H1T	11	-1400
99	H1T	12	-1420
98	H1T	13	-1440
97	H1T	14	-1460
96	H1T	15	-1460
79	H1T	16	-1500
78	H1T	17	-1380
77	H1T	18	-1420
76	H1T	19	-1360
75	H1T	20	-1360
74	H1T	21	-1440
73	H1T	22	-1420
72	H1T	23	-1500
