0	H2B	1	-1700
1	H2B	2	-1600
2	H2B	3	-1550
3	H2B	4	-1420
4	H2B	5	-1450
5	H2B	6	-1480
6	H2B	7	-1580
7	H2B	8	-1550
8	H2B	9	-1470
9	H2B	10	-1550
10	H2B	11	-1580
11	H2B	12	-1490
12	H2B	13	-1600
13	H2B	14	-1600
14	H2B	15	-1620
15	H2B	16	-1530
32	H2L	1	-1570
33	H2L	2	-1710
34	H2L	3	-1630
35	H2L	4	-1510
36	H2L	5	-1620
37	H2L	6	-1540
38	H2L	7	-1510
39	H2L	8	-1530
40	H2L	9	-1570
41	H2L	10	-1600
42	H2L	11	-1520
43	H2L	12	-1620
44	H2L	13	-1700
45	H2L	14	-1480
46	H2L	15	-1620
47	H2L	16	-1480
64	H2L	17	-1500
65	H2L	18	-1560
66	H2L	19	-1630
67	H2R	1	-1600
68	H2R	2	-1540
69	H2R	3	-1730
70	H2R	4	-1680
71	H2R	5	-1660
72	H2R	6	-1630
73	H2R	7	-1370
74	H2R	8	-1570
75	H2R	9	-1480
76	H2R	10	-1540
77	H2R	11	-1460
78	H2R	12	-1400
79	H2R	13	-1540
112	H2R	14	-1560
113	H2R	15	-1360
114	H2R	16	-1440
115	H2R	17	-1470
116	H2R	18	-1640
117	H2R	19	-1640
118	H2T	1	-1630
119	H2T	2	-1600
120	H2T	3	-1740
121	H2T	4	-1550
122	H2T	5	-1540
123	H2T	6	-1610
124	H2T	7	-1470
125	H2T	8	-1600
126	H2T	9	-1500
127	H2T	10	-1650
144	H2T	11	-1750
145	H2T	12	-1500
146	H2T	13	-1720
147	H2T	14	-1530
148	H2T	15	-1660
149	H2T	16	-1610
240	BEAM1	1	-737
241	BEAM2	2	-582
242	BEAM3	3	-628
243	BEAM4	4	-704
