0	H3B	1	-1320
1	H3B	2	-1440
2	H3B	3	-1500
3	H3B	4	-1500
4	H3B	5	-1360
5	H3B	6	-1430
6	H3B	7	-1470
7	H3B	8	-1390
8	H3B	9	-1450
9	H3B	10	-1390
10	H3B	11	-1540
11	H3B	12	-1550
12	H3B	13	-1400
13	H3B	14	-1580
14	H3B	15	-1500
15	H3B	16	-1370
16	H3T	1	-1360
17	H3T	2	-1330
18	H3T	3	-1280
19	H3T	4	-1430
20	H3T	5	-1600
21	H3T	6	-1560
22	H3T	7	-1370
23	H3T	8	-1420
24	H3T	9	-1380
25	H3T	10	-1560
26	H3T	11	-1540
27	H3T	12	-1560
28	H3T	13	-1500
29	H3T	14	-1460
30	H3T	15	-1440
31	H3T	16	-1300
32	H4Y1Ll	1	-1810
33	H4Y1Ll	2	-1690
34	H4Y1Ll	3	-1770
35	H4Y1Ll	4	-1800
36	H4Y1Ll	5	-1580
37	H4Y1Ll	6	-1620
38	H4Y1Ll	7	-1540
39	H4Y1Ll	8	-1570
40	H4Y1Ll	9	-1350
41	H4Y1Ll	10	-1620
42	H4Y1Ll	11	-1460
43	H4Y1Ll	12	-1630
44	H4Y1Ll	13	-1900
45	H4Y1Ll	14	-1770
46	H4Y1Ll	15	-1860
47	H4Y1Ll	16	-1840
48	H4Y1Lr	1	-1740
49	H4Y1Lr	2	-1800
50	H4Y1Lr	3	-1880
51	H4Y1Lr	4	-1730
52	H4Y1Lr	5	-1770
53	H4Y1Lr	6	-1800
54	H4Y1Lr	7	-1540
55	H4Y1Lr	8	-1610
56	H4Y1Lr	9	-1470
57	H4Y1Lr	10	-1400
58	H4Y1Lr	11	-1580
59	H4Y1Lr	12	-1750
60	H4Y1Lr	13	-1690
61	H4Y1Lr	14	-1820
62	H4Y1Lr	15	-1980
63	H4Y1Lr	16	-1930
64	H4Y1Rl	1	-1790
65	H4Y1Rl	2	-1600
66	H4Y1Rl	3	-1500
67	H4Y1Rl	4	-1610
68	H4Y1Rl	5	-1430
69	H4Y1Rl	6	-1540
70	H4Y1Rl	7	-1540
71	H4Y1Rl	8	-1410
72	H4Y1Rl	9	-1540
73	H4Y1Rl	10	-1510
74	H4Y1Rl	11	-1400
75	H4Y1Rl	12	-1620
76	H4Y1Rl	13	-1190
77	H4Y1Rl	14	-1650
78	H4Y1Rl	15	-1800
80	H4Y1Rr	16	-1840
81	H4Y1Rr	15	-1860
82	H4Y1Rr	14	-1660
83	H4Y1Rr	13	-1660
84	H4Y1Rr	12	-1510
85	H4Y1Rr	11	-1630
86	H4Y1Rr	10	-1480
87	H4Y1Rr	9	-1700
88	H4Y1Rr	8	-1350
89	H4Y1Rr	7	-1700
90	H4Y1Rr	6	-1760
91	H4Y1Rr	5	-1230
92	H4Y1Rr	4	-1850
93	H4Y1Rr	3	-1700
94	H4Y1Rr	2	-1320
95	H4Y1Rr	1	-1800
97	H4Y2Ll	2	-1900
98	H4Y2Ll	3	-1720
99	H4Y2Ll	4	-1730
100	H4Y2Ll	5	-1700
101	H4Y2Ll	6	-1690
102	H4Y2Ll	7	-1500
103	H4Y2Ll	8	-1520
104	H4Y2Ll	9	-1630
105	H4Y2Ll	10	-1720
106	H4Y2Ll	11	-1550
107	H4Y2Ll	12	-1500
108	H4Y2Ll	13	-1730
109	H4Y2Ll	14	-1880
110	H4Y2Ll	15	-1780
111	H4Y2Ll	16	-1900
112	H4Y2Lr	1	-1730
113	H4Y2Lr	2	-1860
114	H4Y2Lr	3	-1740
115	H4Y2Lr	4	-1460
116	H4Y2Lr	5	-1680
117	H4Y2Lr	6	-1700
118	H4Y2Lr	7	-1500
119	H4Y2Lr	8	-1500
120	H4Y2Lr	9	-1520
121	H4Y2Lr	10	-1620
122	H4Y2Lr	11	-1630
123	H4Y2Lr	12	-1740
124	H4Y2Lr	13	-1830
126	H4Y2Lr	15	-1900
127	H4Y2Lr	16	-2000
128	H4Y2Rl	1	-1900
129	H4Y2Rl	2	-1760
130	H4Y2Rl	3	-1780
131	H4Y2Rl	4	-1700
132	H4Y2Rl	5	-1610
133	H4Y2Rl	6	-1650
134	H4Y2Rl	7	-1750
135	H4Y2Rl	8	-1750
136	H4Y2Rl	9	-1740
137	H4Y2Rl	10	-1700
138	H4Y2Rl	11	-1520
139	H4Y2Rl	12	-1680
140	H4Y2Rl	13	-1640
141	H4Y2Rl	14	-1730
142	H4Y2Rl	15	-1840
143	H4Y2Rl	16	-1950
144	H4Y2Rr	1	-1720
145	H4Y2Rr	2	-1780
146	H4Y2Rr	3	-1760
147	H4Y2Rr	4	-1690
148	H4Y2Rr	5	-1420
149	H4Y2Rr	6	-1510
150	H4Y2Rr	7	-1590
151	H4Y2Rr	8	-1970
152	H4Y2Rr	9	-1500
153	H4Y2Rr	10	-1610
154	H4Y2Rr	11	-1530
155	H4Y2Rr	12	-1750
156	H4Y2Rr	13	-1780
157	H4Y2Rr	14	-1810
158	H4Y2Rr	15	-1840
159	H4Y2Rr	16	-1770
160	H4Bd	1	-1456
161	H4Bd	2	-1596
162	H4Bd	3	-1516
163	H4Bd	4	-1431
164	H4Bd	5	-1496
165	H4Bd	6	-1532
166	H4Bd	7	-1752
167	H4Bd	8	-1707
168	H4Bd	9	-1682
169	H4Bd	10	-1671
170	H4Bd	11	-1527
171	H4Bd	12	-1501
172	H4Bd	13	-1452
173	H4Bd	14	-1566
174	H4Bd	15	-1421
175	H4Bd	16	-1466
176	H4Bu	1	-1362
177	H4Bu	2	-1490
178	H4Bu	3	-1416
179	H4Bu	4	-1330
180	H4Bu	5	-1556
181	H4Bu	6	-1636
182	H4Bu	7	-1701
183	H4Bu	8	-1690
184	H4Bu	9	-1831
185	H4Bu	10	-1571
186	H4Bu	11	-1525
187	H4Bu	12	-1526
188	H4Bu	13	-1490
189	H4Bu	14	-1500
190	H4Bu	15	-1550
191	H4Bu	16	-1560
192	H4Td	1	-1371
193	H4Td	2	-1382
194	H4Td	3	-1431
195	H4Td	4	-1355
196	H4Td	5	-1340
197	H4Td	6	-1532
198	H4Td	7	-1559
199	H4Td	8	-1631
200	H4Td	9	-1768
201	H4Td	10	-1551
202	H4Td	11	-1560
203	H4Td	12	-1373
204	H4Td	13	-1429
205	H4Td	14	-1380
206	H4Td	15	-1627
208	H4Tu	1	-1362
209	H4Tu	2	-1490
210	H4Tu	3	-1416
211	H4Tu	4	-1326
212	H4Tu	5	-1385
213	H4Tu	6	-1666
214	H4Tu	7	-1514
215	H4Tu	8	-1575
216	H4Tu	9	-1497
217	H4Tu	10	-1212
218	H4Tu	11	-1585
219	H4Tu	12	-1232
220	H4Tu	13	-1261
221	H4Tu	14	-1340
222	H4Tu	15	-1634
223	H4Tu	16	-1169
252	H4Td	16	-1220
253	H4Y2Ll	1	-1910
254	H4Y2Lr	14	-1830
255	H4Y1Rl	16	-1840
