0	H2B	1	-1540
1	H2B	2	-1600
2	H2B	3	-1500
3	H2B	4	-1490
4	H2B	5	-1460
5	H2B	6	-1550
6	H2B	7	-1560
7	H2B	8	-1540
8	H2B	9	-1420
9	H2B	10	-1600
10	H2B	11	-1570
11	H2B	12	-1540
12	H2B	13	-1600
13	H2B	14	-1600
14	H2B	15	-1580
15	H2B	16	-1400
32	H2L	1	-1620
33	H2L	2	-1580
34	H2L	3	-1590
35	H2L	4	-1620
36	H2L	5	-1570
37	H2L	6	-1580
38	H2L	7	-1540
39	H2L	8	-1590
40	H2L	9	-1550
41	H2L	10	-1560
42	H2L	11	-1580
43	H2L	12	-1620
44	H2L	13	-1570
45	H2L	14	-1610
46	H2L	15	-1680
47	H2L	16	-1580
64	H2L	17	-1650
65	H2L	18	-1640
66	H2L	19	-1600
67	H2R	1	-1520
68	H2R	2	-1580
69	H2R	3	-1520
70	H2R	4	-1540
71	H2R	5	-1640
72	H2R	6	-1580
73	H2R	7	-1600
74	H2R	8	-1620
75	H2R	9	-1780
76	H2R	10	-1440
77	H2R	11	-1500
78	H2R	12	-1520
79	H2R	13	-1550
112	H2R	14	-1480
113	H2R	15	-1480
114	H2R	16	-1490
115	H2R	17	-1470
116	H2R	18	-1520
117	H2R	19	-1650
118	H2T	1	-1500
119	H2T	2	-1500
120	H2T	3	-1500
121	H2T	4	-1500
122	H2T	5	-1500
123	H2T	6	-1500
124	H2T	7	-1500
125	H2T	8	-1500
126	H2T	9	-1500
127	H2T	10	-1500
144	H2T	11	-1500
145	H2T	12	-1500
146	H2T	13	-1500
147	H2T	14	-1500
148	H2T	15	-1500
149	H2T	16	-1500
240	BEAM1	1	-737
241	BEAM2	2	-582
242	BEAM3	3	-628
243	BEAM4	4	-704
