0	H2B	1	-1575
1	H2B	2	-1475
2	H2B	3	-1350
3	H2B	4	-1325
4	H2B	5	-1300
5	H2B	6	-1335
6	H2B	7	-1440
7	H2B	8	-1350
8	H2B	9	-1350
9	H2B	10	-1365
10	H2B	11	-1385
11	H2B	12	-1410
12	H2B	13	-1430
13	H2B	14	-1460
14	H2B	15	-1410
15	H2B	16	-1415
32	H2L	1	-1485
33	H2L	2	-1515
34	H2L	3	-1570
35	H2L	4	-1385
36	H2L	5	-1450
37	H2L	6	-1360
38	H2L	7	-1390
39	H2L	8	-1410
40	H2L	9	-1380
41	H2L	10	-1410
42	H2L	11	-1425
43	H2L	12	-1405
44	H2L	13	-1490
45	H2L	14	-1290
46	H2L	15	-1425
47	H2L	16	-1345
64	H2L	17	-1350
65	H2L	18	-1375
66	H2L	19	-1410
67	H2R	1	-1295
68	H2R	2	-1345
69	H2R	3	-1420
70	H2R	4	-1480
71	H2R	5	-1450
72	H2R	6	-1460
73	H2R	7	-1225
74	H2R	8	-1450
75	H2R	9	-1275
76	H2R	10	-1335
77	H2R	11	-1335
78	H2R	12	-1275
79	H2R	13	-1395
112	H2R	14	-1410
113	H2R	15	-1210
114	H2R	16	-1285
115	H2R	17	-1275
116	H2R	18	-1375
117	H2R	19	-1335
118	H2T	1	-1375
119	H2T	2	-1405
120	H2T	3	-1500
121	H2T	4	-1410
122	H2T	5	-1350
123	H2T	6	-1375
124	H2T	7	-1350
125	H2T	8	-1460
126	H2T	9	-1285
127	H2T	10	-1430
144	H2T	11	-1455
145	H2T	12	-1350
146	H2T	13	-1560
147	H2T	14	-1385
148	H2T	15	-1470
149	H2T	16	-1405
