165	H1B	1	-1500
164	H1B	2	-1470
163	H1B	3	-1600
162	H1B	4	-1400
161	H1B	5	-1500
160	H1B	6	-1620
143	H1B	7	-1450
142	H1B	8	-1520
141	H1B	9	-1600
140	H1B	10	-1470
139	H1B	11	-1460
138	H1B	12	-1620
137	H1B	13	-1340
136	H1B	14	-1420
135	H1B	15	-1510
134	H1B	16	-1560
133	H1B	17	-1530
132	H1B	18	-1450
131	H1B	19	-1700
130	H1B	20	-1700
129	H1B	21	-1600
128	H1B	22	-1690
111	H1B	23	-1430
71	H1L	1	-1586
70	H1L	2	-1609
69	H1L	3	-1626
68	H1L	4	-1678
67	H1L	5	-1460
66	H1L	6	-1532
65	H1L	7	-1724
64	H1L	8	-1546
47	H1L	9	-1609
46	H1L	10	-1678
45	H1L	11	-1563
44	H1L	12	-1471
43	H1L	13	-1574
42	H1L	14	-1465
41	H1L	15	-1643
40	H1L	16	-1678
39	H1L	17	-1684
38	H1L	18	-1534
37	H1L	19	-1684
36	H1L	20	-1551
35	H1R	1	-1569
34	H1R	2	-1649
33	H1R	3	-1649
32	H1R	4	-1563
15	H1R	5	-1701
14	H1R	6	-1750
13	H1R	7	-1643
12	H1R	8	-1565
11	H1R	9	-1609
10	H1R	10	-1551
9	H1R	11	-1620
8	H1R	12	-1440
7	H1R	13	-1666
6	H1R	14	-1500
5	H1R	15	-1638
4	H1R	16	-1750
3	H1R	17	-1534
2	H1R	18	-1750
1	H1R	19	-1689
0	H1R	20	-1643
110	H1T	1	-1440
109	H1T	2	-1430
108	H1T	3	-1500
107	H1T	4	-1440
106	H1T	5	-1690
105	H1T	6	-1640
104	H1T	7	-1490
103	H1T	8	-1520
102	H1T	9	-1500
101	H1T	10	-1570
100	H1T	11	-1600
99	H1T	12	-1650
98	H1T	13	-1500
97	H1T	14	-1680
96	H1T	15	-1320
79	H1T	16	-1540
78	H1T	17	-1560
77	H1T	18	-1560
76	H1T	19	-1540
75	H1T	20	-1560
74	H1T	21	-1420
73	H1T	22	-1480
72	H1T	23	-1700
