0	H2B	1	-1700
1	H2B	2	-1600
2	H2B	3	-1550
3	H2B	4	-1420
4	H2B	5	-1450
5	H2B	6	-1480
6	H2B	7	-1580
7	H2B	8	-1550
8	H2B	9	-1450
9	H2B	10	-1550
10	H2B	11	-1580
11	H2B	12	-1490
12	H2B	13	-1600
13	H2B	14	-1600
14	H2B	15	-1580
15	H2B	16	-1530
32	H2L	1	-1666
33	H2L	2	-1753
34	H2L	3	-1724
35	H2L	4	-1609
36	H2L	5	-1666
37	H2L	6	-1580
38	H2L	7	-1580
39	H2L	8	-1580
40	H2L	9	-1666
41	H2L	10	-1689
42	H2L	11	-1638
43	H2L	12	-1666
44	H2L	13	-1724
45	H2L	14	-1523
46	H2L	15	-1666
47	H2L	16	-1551
64	H2L	17	-1580
65	H2L	18	-1609
66	H2L	19	-1695
67	H2R	1	-1666
68	H2R	2	-1609
69	H2R	3	-1770
70	H2R	4	-1724
71	H2R	5	-1753
72	H2R	6	-1724
73	H2R	7	-1465
74	H2R	8	-1666
75	H2R	9	-1609
76	H2R	10	-1666
77	H2R	11	-1638
78	H2R	12	-1580
79	H2R	13	-1724
112	H2R	14	-1753
113	H2R	15	-1494
114	H2R	16	-1609
115	H2R	17	-1638
116	H2R	18	-1724
117	H2R	19	-1724
118	H2T	1	-1630
119	H2T	2	-1520
120	H2T	3	-1700
121	H2T	4	-1550
122	H2T	5	-1540
123	H2T	6	-1550
124	H2T	7	-1470
125	H2T	8	-1600
126	H2T	9	-1500
127	H2T	10	-1650
144	H2T	11	-1750
145	H2T	12	-1460
146	H2T	13	-1720
147	H2T	14	-1530
148	H2T	15	-1660
149	H2T	16	-1570
240	BEAM1	1	-1740
241	BEAM2	2	-1640
242	BEAM3	3	-1560
243	BEAM4	4	-1440
