0       H2XB    1       -1500
1       H2XB    2       -1630
2       H2XB    3       -1530
3       H2XB    4       -1570
4       H2XB    5       -1410
5       H2XB    6       -1500
6       H2XB    7       -1610
7       H2XB    8       -1540
8       H2XB    9       -1500
9       H2XB    10      -1550
10      H2XB    11      -1650
11      H2XB    12      -1515
12      H2XB    13      -1550
13      H2XB    14      -1550
14      H2XB    15      -1580
15      H2XB    16      -1600
32      H2YL    1       -1750
33      H2YL    2       -1750
34      H2YL    3       -1670
35      H2YL    4       -1670
36      H2YL    5       -1650
37      H2YL    6       -1700
38      H2YL    7       -1650
39      H2YL    8       -1700
40      H2YL    9       -1600
41      H2YL    10      -1560
42      H2YL    11      -1630
43      H2YL    12      -1700
44      H2YL    13      -1650
45      H2YL    14      -1690
46      H2YL    15      -1730
47      H2YL    16      -1660
64      H2YL    17      -1700
65      H2YL    18      -1690
66      H2YL    19      -1750
67      H2YR    1       -1700
68      H2YR    2       -1750
69      H2YR    3       -1650
70      H2YR    4       -1700
71      H2YR    5       -1700
72      H2YR    6       -1660
73      H2YR    7       -1680
74      H2YR    8       -1670
75      H2YR    9       -1780
76      H2YR    10      -1600
77      H2YR    11      -1650
78      H2YR    12      -1600
79      H2YR    13      -1630
112     H2YR    14      -1560
113     H2YR    15      -1560
114     H2YR    16      -1570
115     H2YR    17      -1550
116     H2YR    18      -1550
117     H2YR    19      -1700
118     H2XT    1       -1600
119     H2XT    2       -1550
120     H2XT    3       -1610
121     H2XT    4       -1660
122     H2XT    5       -1530
123     H2XT    6       -1650
124     H2XT    7       -1700
125     H2XT    8       -1610
126     H2XT    9       -1570
127     H2XT    10      -1500
144     H2XT    11      -1620
145     H2XT    12      -1550
146     H2XT    13      -1530
147     H2XT    14      -1590
148     H2XT    15      -1710
149     H2XT    16      -1600
240     LUMI    1       -687
241     LUMI    2       -632
242     LUMI    3       -678
243     LUMI    4       -654
