0       H3XB    1            -1400
1       H3XB    2            -1550	
2       H3XB    3            -1600	
3       H3XB    4            -1450	
4       H3XB    5            -1460	
5       H3XB    6            -1530	
6       H3XB    7            -1570	
7       H3XB    8            -1490	
8       H3XB    9            -1500	
9       H3XB    10           -1390	
10      H3XB    11           -1640	
11      H3XB    12           -1600	
12      H3XB    13           -1400	
13      H3XB    14           -1500	
14      H3XB    15           -1400	
15      H3XB    16           -1545	
16      H3XT    1            -1510
17      H3XT    2            -1380	
18      H3XT    3            -1280	
19      H3XT    4            -1445	
20      H3XT    5            -1680	
21      H3XT    6            -1610	
22      H3XT    7            -1345	
23      H3XT    8            -1370	
24      H3XT    9            -1480	
25      H3XT    10           -1560	
26      H3XT    11           -1565
27      H3XT    12           -1500	
28      H3XT    13           -1450	
29      H3XT    14           -1410	
30      H3XT    15           -1385	
31      H3XT    16           -1350	
32      H4Y1L-l 1            -1910	
33      H4Y1L-l 2            -1590	
34      H4Y1L-l 3            -1720	
35      H4Y1L-l 4            -1800	
36      H4Y1L-l 5            -1580	
37      H4Y1L-l 6            -1670	
38      H4Y1L-l 7            -1590	
39      H4Y1L-l 8            -1620	
40      H4Y1L-l 9            -1450	
41      H4Y1L-l 10           -1620	
42      H4Y1L-l 11           -1460	
43      H4Y1L-l 12           -1630	
44      H4Y1L-l 13           -1900	
45      H4Y1L-l 14           -1720	
46      H4Y1L-l 15           -1810	
47      H4Y1L-l 16           -1840	
48      H4Y1L-r 1            -1890	
49      H4Y1L-r 2            -1750	
50      H4Y1L-r 3            -1800	
51      H4Y1L-r 4            -1700	
52      H4Y1L-r 5            -1720	
53      H4Y1L-r 6            -1900	
54      H4Y1L-r 7            -1640	
55      H4Y1L-r 8            -1760	
56      H4Y1L-r 9            -1620	
57      H4Y1L-r 10           -1450	
58      H4Y1L-r 11           -1530	
59      H4Y1L-r 12           -1750	
60      H4Y1L-r 13           -1640	
61      H4Y1L-r 14           -1770	
62      H4Y1L-r 15           -1880	
63      H4Y1L-r 16           -1980	
64      H4Y1R-l 1            -1890	
65      H4Y1R-l 2            -1700	
66      H4Y1R-l 3            -1600	
67      H4Y1R-l 4            -1560	
68      H4Y1R-l 5            -1530	
69      H4Y1R-l 6            -1640	
70      H4Y1R-l 7            -1740	
71      H4Y1R-l 8            -1410	
72      H4Y1R-l 9            -1640	
73      H4Y1R-l 10           -1610	
74      H4Y1R-l 11           -1450	
75      H4Y1R-l 12           -1720	
76      H4Y1R-l 13           -1290	
77      H4Y1R-l 14           -1750	
78      H4Y1R-l 15           -1850	
79      Bad     NA	     -   0	
80      H4Y1R-r 16           -1790	
81      H4Y1R-r 15           -1810	
82      H4Y1R-r 14           -1610	
83      H4Y1R-r 13           -1660	
84      H4Y1R-r 12           -1170	
85      H4Y1R-r 11           -1170	
86      H4Y1R-r 10           -1750	
87      H4Y1R-r 9            -1755
88      H4Y1R-r 8            -1550	
89      H4Y1R-r 7            -1800	
90      H4Y1R-r 6            -1710	
91      H4Y1R-r 5            -1180	
92      H4Y1R-r 4            -1800	
93      H4Y1R-r 3            -1700	
94      H4Y1R-r 2            -1700	
95      H4Y1R-r 1            -1750	
96      Bad     NA           -   0	
97      H4Y2L-l 2            -1900	
98      H4Y2L-l 3            -1800	
99      H4Y2L-l 4            -1900	
100     H4Y2L-l 5            -1800	
101     H4Y2L-l 6            -1690	
102     H4Y2L-l 7            -1500	
103     H4Y2L-l 8            -1520	
104     H4Y2L-l 9            -1630	
105     H4Y2L-l 10           -1720	
106     H4Y2L-l 11           -1550	
107     H4Y2L-l 12           -1500	
108     H4Y2L-l 13           -1730	
109     H4Y2L-l 14           -1830	
110     H4Y2L-l 15           -1780	
111     H4Y2L-l 16           -1900	
112     H4Y2L-r 1            -1800	
113     H4Y2L-r 2            -1860	
114     H4Y2L-r 3            -1740	
115     H4Y2L-r 4            -1510	
116     H4Y2L-r 5            -1750	
117     H4Y2L-r 6            -1750	
118     H4Y2L-r 7            -1600	
119     H4Y2L-r 8            -1600	
120     H4Y2L-r 9            -1570	
121     H4Y2L-r 10           -1620	
122     H4Y2L-r 11           -1630	
123     H4Y2L-r 12           -1740	
124     H4Y2L-r 13           -1830	
125     Bad     NA           -   0	
126     H4Y2L-r 15           -1850	
127     Bad     NA           -   0	
128     H4Y2R-l 1            -1900	
129     H4Y2R-l 2            -1760	
130     H4Y2R-l 3            -1780	
131     H4Y2R-l 4            -1700	
132     H4Y2R-l 5            -1610	
133     H4Y2R-l 6            -1650	
134     H4Y2R-l 7            -1750	
135     H4Y2R-l 8            -1750	
136     H4Y2R-l 9            -1740	
137     H4Y2R-l 10           -1700	
138     H4Y2R-l 11           -1520	
139     H4Y2R-l 12           -1680	
140     H4Y2R-l 13           -1640	
141     H4Y2R-l 14           -1730	
142     H4Y2R-l 15           -1840	
143     H4Y2R-l 16           -2000	
144     H4Y2R-r 1            -1750	
145     H4Y2R-r 2            -1780	
146     H4Y2R-r 3            -1710	
147     H4Y2R-r 4            -1740	
148     H4Y2R-r 5            -1420	
149     H4Y2R-r 6            -1510	
150     H4Y2R-r 7            -1590	
151     H4Y2R-r 8            -1970	
152     H4Y2R-r 9            -1500	
153     H4Y2R-r 10           -1610	
154     H4Y2R-r 11           -1530	
155     H4Y2R-r 12           -1700	
156     H4Y2R-r 13           -1780	
157     H4Y2R-r 14           -1810	
158     H4Y2R-r 15           -1840	
159     H4Y2R-r 16           -1770	
160     H4XB-d  1            -1750	
161     H4XB-d  2            -1750	
162     H4XB-d  3            -1536	
163     H4XB-d  4            -1466	
164     H4XB-d  5            -1491	
165     H4XB-d  6            -1602	
166     H4XB-d  7            -1770	
167     H4XB-d  8            -1800	
168     H4XB-d  9            -1830	
169     H4XB-d  10           -1800	
170     H4XB-d  11           -1550	
171     H4XB-d  12           -1571	
172     H4XB-d  13           -1532	
173     H4XB-d  14           -1650	
174     H4XB-d  15           -1500	
175     H4XB-d  16           -1536	
176     H4XB-u  1            -1500	
177     H4XB-u  2            -1620	
178     H4XB-u  3            -1486	
179     H4XB-u  4            -1430	
180     H4XB-u  5            -1580	
181     H4XB-u  6            -1661	
182     H4XB-u  7            -1820	
183     H4XB-u  8            -1850	
184     H4XB-u  9            -1980	
185     H4XB-u  10           -1716	
186     H4XB-u  11           -1550	
187     H4XB-u  12           -1701	
188     H4XB-u  13           -1540	
189     H4XB-u  14           -1570	
190     H4XB-u  15           -1715	
191     H4XB-u  16           -1710	
192     H4XT-d  1            -1546	
193     H4XT-d  2            -1532	
194     H4XT-d  3            -1530	
195     H4XT-d  4            -1450	
196     H4XT-d  5            -1540	
197     H4XT-d  6            -1730	
198     H4XT-d  7            -1610	
199     H4XT-d  8            -1680	
200     H4XT-d  9            -1840	
201     H4XT-d  10           -1671	
202     H4XT-d  11           -1725	
203     H4XT-d  12           -1433	
204     H4XT-d  13           -1479	
205     H4XT-d  14           -1455	
206     H4XT-d  15           -1800	
207     Bad     NA           -   0	
208     H4XT-u  1            -1650	
209     H4XT-u  2            -1780	
210     H4XT-u  3            -1516	
211     H4XT-u  4            -1431	
212     H4XT-u  5            -1500	
213     H4XT-u  6            -1871	
214     H4XT-u  7            -1620	
215     H4XT-u  8            -1650	
216     H4XT-u  9            -1660	
217     H4XT-u  10           -1352	
218     H4XT-u  11           -1775	
219     H4XT-u  12           -1342	
220     H4XT-u  13           -1471	
221     H4XT-u  14           -1455	
222     H4XT-u  15           -1734	
223     H4XT-u  16           -1346
251     H4Y2L-r 16           -1700
252     H4XT-d  16           -1380	
253     H4Y2L-l	1            -1910
254     H4Y2L-r	14           -1780
255     H4Y1R-l 16           -1840		
