0       H2XB    1       -1490
1       H2XB    2       -1550
2       H2XB    3       -1450
3       H2XB    4       -1490
4       H2XB    5       -1410
5       H2XB    6       -1500
6       H2XB    7       -1560
7       H2XB    8       -1490
8       H2XB    9       -1420
9       H2XB    10      -1550
10      H2XB    11      -1570
11      H2XB    12      -1515
12      H2XB    13      -1550
13      H2XB    14      -1550
14      H2XB    15      -1530
15      H2XB    16      -1450
32      H2YL    1       -1620
33      H2YL    2       -1630
34      H2YL    3       -1590
35      H2YL    4       -1620
36      H2YL    5       -1570
37      H2YL    6       -1580
38      H2YL    7       -1540
39      H2YL    8       -1590
40      H2YL    9       -1550
41      H2YL    10      -1560
42      H2YL    11      -1580
43      H2YL    12      -1620
44      H2YL    13      -1570
45      H2YL    14      -1610
46      H2YL    15      -1680
47      H2YL    16      -1580
64      H2YL    17      -1650
65      H2YL    18      -1640
66      H2YL    19      -1600
67      H2YR    1       -1520
68      H2YR    2       -1630
69      H2YR    3       -1520
70      H2YR    4       -1540
71      H2YR    5       -1690
72      H2YR    6       -1580
73      H2YR    7       -1600
74      H2YR    8       -1620
75      H2YR    9       -1780
76      H2YR    10      -1440
77      H2YR    11      -1500
78      H2YR    12      -1520
79      H2YR    13      -1550
112     H2YR    14      -1480
113     H2YR    15      -1480
114     H2YR    16      -1490
115     H2YR    17      -1470
116     H2YR    18      -1470
117     H2YR    19      -1650
118     H2XT    1       -1500
119     H2XT    2       -1500
120     H2XT    3       -1500
121     H2XT    4       -1550
122     H2XT    5       -1450
123     H2XT    6       -1550
124     H2XT    7       -1550
125     H2XT    8       -1500
126     H2XT    9       -1450
127     H2XT    10      -1450
144     H2XT    11      -1500
145     H2XT    12      -1500
146     H2XT    13      -1450
147     H2XT    14      -1500
148     H2XT    15      -1550
149     H2XT    16      -1500
240     LUMI    1       -787
241     LUMI    2       -632
242     LUMI    3       -678
243     LUMI    4       -754
