165	H1B	1	-1450
164	H1B	2	-1450
163	H1B	3	-1490
162	H1B	4	-1375
161	H1B	5	-1425
160	H1B	6	-1520
143	H1B	7	-1420
142	H1B	8	-1400
141	H1B	9	-1455
140	H1B	10	-1438
139	H1B	11	-1350
138	H1B	12	-1475
137	H1B	13	-1228
136	H1B	14	-1300
135	H1B	15	-1370
134	H1B	16	-1430
133	H1B	17	-1415
132	H1B	18	-1385
131	H1B	19	-1550
130	H1B	20	-1580
129	H1B	21	-1547
128	H1B	22	-1520
111	H1B	23	-1370
71	H1L	1	-1380
70	H1L	2	-1400
69	H1L	3	-1415
68	H1L	4	-1460
67	H1L	5	-1270
66	H1L	6	-1333
65	H1L	7	-1500
64	H1L	8	-1345
47	H1L	9	-1400
46	H1L	10	-1460
45	H1L	11	-1360
44	H1L	12	-1280
43	H1L	13	-1370
42	H1L	14	-1275
41	H1L	15	-1430
40	H1L	16	-1460
39	H1L	17	-1465
38	H1L	18	-1335
37	H1L	19	-1465
36	H1L	20	-1350
35	H1R	1	-1365
34	H1R	2	-1435
33	H1R	3	-1435
32	H1R	4	-1360
15	H1R	5	-1480
14	H1R	6	-1600
13	H1R	7	-1430
12	H1R	8	-1362
11	H1R	9	-1400
10	H1R	10	-1350
9	H1R	11	-1410
8	H1R	12	-1600
7	H1R	13	-1450
6	H1R	14	-1305
5	H1R	15	-1425
4	H1R	16	-1570
3	H1R	17	-1335
2	H1R	18	-1570
1	H1R	19	-1470
0	H1R	20	-1430
110	H1T	1	-1340
109	H1T	2	-1350
108	H1T	3	-1420
107	H1T	4	-1360
106	H1T	5	-1467
105	H1T	6	-1420
104	H1T	7	-1400
103	H1T	8	-1420
102	H1T	9	-1390
101	H1T	10	-1360
100	H1T	11	-1465
99	H1T	12	-1510
98	H1T	13	-1290
97	H1T	14	-1560
96	H1T	15	-1250
79	H1T	16	-1433
78	H1T	17	-1460
77	H1T	18	-1460
76	H1T	19	-1447
75	H1T	20	-1312
74	H1T	21	-1350
73	H1T	22	-1370
72	H1T	23	-1430
