0	H2B	1	-1375
1	H2B	2	-1375
2	H2B	3	-1450
3	H2B	4	-1450
4	H2B	5	-1350
5	H2B	6	-1400
6	H2B	7	-1350
7	H2B	8	-1500
8	H2B	9	-1350
9	H2B	10	-1450
10	H2B	11	-1450
11	H2B	12	-1375
12	H2B	13	-1475
13	H2B	14	-1475
14	H2B	15	-1475
15	H2B	16	-1450
32	H2L	1	-1450
33	H2L	2	-1525
34	H2L	3	-1500
35	H2L	4	-1400
36	H2L	5	-1450
37	H2L	6	-1375
38	H2L	7	-1375
39	H2L	8	-1375
40	H2L	9	-1450
41	H2L	10	-1470
42	H2L	11	-1425
43	H2L	12	-1450
44	H2L	13	-1500
45	H2L	14	-1325
46	H2L	15	-1450
47	H2L	16	-1350
64	H2L	17	-1375
65	H2L	18	-1400
66	H2L	19	-1475
67	H2R	1	-1450
68	H2R	2	-1400
69	H2R	3	-1540
70	H2R	4	-1500
71	H2R	5	-1525
72	H2R	6	-1500
73	H2R	7	-1275
74	H2R	8	-1450
75	H2R	9	-1400
76	H2R	10	-1450
77	H2R	11	-1425
78	H2R	12	-1375
79	H2R	13	-1500
112	H2R	14	-1525
113	H2R	15	-1300
114	H2R	16	-1400
115	H2R	17	-1425
116	H2R	18	-1500
117	H2R	19	-1500
118	H2T	1	-1525
119	H2T	2	-1450
120	H2T	3	-1400
121	H2T	4	-1450
122	H2T	5	-1450
123	H2T	6	-1425
124	H2T	7	-1425
125	H2T	8	-1325
126	H2T	9	-1275
127	H2T	10	-1425
144	H2T	11	-1525
145	H2T	12	-1325
146	H2T	13	-1475
147	H2T	14	-1325
148	H2T	15	-1525
149	H2T	16	-1375
240     BEAM1   1       -1740
241     BEAM2   2       -1640
242     BEAM3   3       -1560
243     BEAM4   4       -1440
