0       H3XB    1            -1265	       
1       H3XB    2            -1415	
2       H3XB    3            -1430	
3       H3XB    4            -1280	
4       H3XB    5            -1315	
5       H3XB    6            -1410	
6       H3XB    7            -1390	
7       H3XB    8            -1370	
8       H3XB    9            -1370	
9       H3XB    10           -1365	
10      H3XB    11           -1490	
11      H3XB    12           -1515	
12      H3XB    13           -1205	
13      H3XB    14           -1395	
14      H3XB    15           -1265	
15      H3XB    16           -1450	
16      H3XT    1            -1385	
17      H3XT    2            -1340	
18      H3XT    3            -1260	
19      H3XT    4            -1405	
20      H3XT    5            -1625	
21      H3XT    6            -1550	
22      H3XT    7            -1335	
23      H3XT    8            -1380	
24      H3XT    9            -1390	
25      H3XT    10           -1520	
26      H3XT    11           -1510	
27      H3XT    12           -1515	
28      H3XT    13           -1450	
29      H3XT    14           -1420	
30      H3XT    15           -1360	
31      H3XT    16           -1340	
32      H4Y1L-l 1            -1640	
33      H4Y1L-l 2            -1525	
34      H4Y1L-l 3            -1600	
35      H4Y1L-l 4            -1640	
36      H4Y1L-l 5            -1410	
37      H4Y1L-l 6            -1490	
38      H4Y1L-l 7            -1370	
39      H4Y1L-l 8            -1435	
40      H4Y1L-l 9            -1225	
41      H4Y1L-l 10           -1490	
42      H4Y1L-l 11           -1340	
43      H4Y1L-l 12           -1500	
44      H4Y1L-l 13           -1770	
45      H4Y1L-l 14           -1640	
46      H4Y1L-l 15           -1688	
47      H4Y1L-l 16           -1665	
48      H4Y1L-r 1            -1615	
49      H4Y1L-r 2            -1663	
50      H4Y1L-r 3            -1755	
51      H4Y1L-r 4            -1600	
52      H4Y1L-r 5            -1593	
53      H4Y1L-r 6            -1670	
54      H4Y1L-r 7            -1413	
55      H4Y1L-r 8            -1475	
56      H4Y1L-r 9            -1345	
57      H4Y1L-r 10           -1275	
58      H4Y1L-r 11           -1450	
59      H4Y1L-r 12           -1625	
60      H4Y1L-r 13           -1560	
61      H4Y1L-r 14           -1690	
62      H4Y1L-r 15           -1810	
63      H4Y1L-r 16           -1758	
64      H4Y1R-l 1            -1660	
65      H4Y1R-l 2            -1470	
66      H4Y1R-l 3            -1380	
67      H4Y1R-l 4            -1480	
68      H4Y1R-l 5            -1310	
69      H4Y1R-l 6            -1413	
70      H4Y1R-l 7            -1415	
71      H4Y1R-l 8            -1285	
72      H4Y1R-l 9            -1415	
73      H4Y1R-l 10           -1385	
74      H4Y1R-l 11           -1280	
75      H4Y1R-l 12           -1500	
76      H4Y1R-l 13           -1070	
77      H4Y1R-l 14           -1535	
78      H4Y1R-l 15           -1635	
79      Bad     NA	     -   0	
80      H4Y1R-r 16           -1720	
81      H4Y1R-r 15           -1720	
82      H4Y1R-r 14           -1480	
83      H4Y1R-r 13           -1520	
84      H4Y1R-r 12           -1380	
85      H4Y1R-r 11           -1540	
86      H4Y1R-r 10           -1380	
87      H4Y1R-r 9            -1680
88      H4Y1R-r 8            -1350	
89      H4Y1R-r 7            -1600	
90      H4Y1R-r 6            -1670	
91      H4Y1R-r 5            -1145	
92      H4Y1R-r 4            -1720	
93      H4Y1R-r 3            -1575	
94      H4Y1R-r 2            -1150	
95      H4Y1R-r 1            -1630	
96      Bad     NA           -   0	
97      H4Y2L-l 2            -1820	
98      H4Y2L-l 3            -1590	
99      H4Y2L-l 4            -1643	
100     H4Y2L-l 5            -1592	
101     H4Y2L-l 6            -1570	
102     H4Y2L-l 7            -1405	
103     H4Y2L-l 8            -1425	
104     H4Y2L-l 9            -1527	
105     H4Y2L-l 10           -1593	
106     H4Y2L-l 11           -1427	
107     H4Y2L-l 12           -1343	
108     H4Y2L-l 13           -1610	
109     H4Y2L-l 14           -1710	
110     H4Y2L-l 15           -1613	
111     H4Y2L-l 16           -1750	
112     H4Y2L-r 1            -1560	
113     H4Y2L-r 2            -1775	
114     H4Y2L-r 3            -1605	
115     H4Y2L-r 4            -1375	
116     H4Y2L-r 5            -1575	
117     H4Y2L-r 6            -1595	
118     H4Y2L-r 7            -1400	
119     H4Y2L-r 8            -1385	
120     H4Y2L-r 9            -1395	
121     H4Y2L-r 10           -1500	
122     H4Y2L-r 11           -1505	
123     H4Y2L-r 12           -1613	
124     H4Y2L-r 13           -1700	
125     Bad     NA           -   0	
126     H4Y2L-r 15           -1740	
127     H4Y2L-r 16           -1840	
128     H4Y2R-l 1            -1730	
129     H4Y2R-l 2            -1630	
130     H4Y2R-l 3            -1650	
131     H4Y2R-l 4            -1600	
132     H4Y2R-l 5            -1487	
133     H4Y2R-l 6            -1520	
134     H4Y2R-l 7            -1625	
135     H4Y2R-l 8            -1635	
136     H4Y2R-l 9            -1600	
137     H4Y2R-l 10           -1600	
138     H4Y2R-l 11           -1400	
139     H4Y2R-l 12           -1550	
140     H4Y2R-l 13           -1510	
141     H4Y2R-l 14           -1560	
142     H4Y2R-l 15           -1670	
143     H4Y2R-l 16           -1780	
144     H4Y2R-r 1            -1593	
145     H4Y2R-r 2            -1650	
146     H4Y2R-r 3            -1630	
147     H4Y2R-r 4            -1565	
148     H4Y2R-r 5            -1300	
149     H4Y2R-r 6            -1385	
150     H4Y2R-r 7            -1460	
151     H4Y2R-r 8            -1860	
152     H4Y2R-r 9            -1375	
153     H4Y2R-r 10           -1480	
154     H4Y2R-r 11           -1405	
155     H4Y2R-r 12           -1620	
156     H4Y2R-r 13           -1675	
157     H4Y2R-r 14           -1675	
158     H4Y2R-r 15           -1675	
159     H4Y2R-r 16           -1600	
160     H4B-d   1            -1456	
161     H4B-d   2            -1596	
162     H4B-d   3            -1516	
163     H4B-d   4            -1431	
164     H4B-d   5            -1496	
165     H4B-d   6            -1532	
166     H4B-d   7            -1752	
167     H4B-d   8            -1707	
168     H4B-d   10           -1671	
169     H4B-d   9            -1682	
170     H4B-d   11           -1527	
171     H4B-d   12           -1501	
172     H4B-d   13           -1452	
173     H4B-d   14           -1566	
174     H4B-d   15           -1421	
175     H4B-d   16           -1466	
176     H4B-u   1            -1362	
177     H4B-u   2            -1490	
178     H4B-u   3            -1416	
179     H4B-u   4            -1330	
180     H4B-u   5            -1556	
181     H4B-u   6            -1636	
182     H4B-u   7            -1701	
183     H4B-u   8            -1690	
184     H4B-u   9            -1831	
185     H4B-u   10           -1571	
186     H4B-u   11           -1525	
187     H4B-u   12           -1526	
188     H4B-u   13           -1490	
189     H4B-u   14           -1476	
190     H4B-u   15           -1526	
191     H4B-u   16           -1560	
192     H4T-d   1            -1371	
193     H4T-d   2            -1382	
194     H4T-d   3            -1431	
195     H4T-d   4            -1355	
196     H4T-d   5            -1340	
197     H4T-d   6            -1532	
198     H4T-d   7            -1559	
199     H4T-d   8            -1631	
200     H4T-d   9            -1768	
201     H4T-d   10           -1551	
202     H4T-d   11           -1560	
203     H4T-d   12           -1373	
204     H4T-d   13           -1388	
205     H4T-d   14           -1355	
206     H4T-d   15           -1627	
207     Bad     NA           -   0	
208     H4T-u   1            -1362	
209     H4T-u   2            -1490	
210     H4T-u   3            -1416	
211     H4T-u   4            -1326	
212     H4T-u   5            -1385	
213     H4T-u   6            -1666	
214     H4T-u   7            -1514	
215     H4T-u   8            -1575	
216     H4T-u   9            -1497	
217     H4T-u   10           -1212	
218     H4T-u   11           -1585	
219     H4T-u   12           -1232	
220     H4T-u   13           -1261	
221     H4T-u   14           -1340	
222     H4T-u   15           -1634	
223     H4T-u   16           -1169
252     H4T-d   16           -1220	
253	H4Y2L-l	1	     -1745
254	H4Y2L-r	14	     -1650
255     H4Y1R-l 16           -1670		
