0       H3XB    1       -1475 	
1       H3XB    2       -1600
2       H3XB    3       -1725
3       H3XB    4       -1625
4       H3XB    5       -1550
5       H3XB    6       -1675
6       H3XB    7       -1575
7       H3XB    8       -1600
8       H3XB    9       -1575
9       H3XB    10      -1525
10      H3XB    11      -1675
11      H3XB    12      -1700
12      H3XB    13      -1300
13      H3XB    14      -1610
14      H3XB    15      -1470
15      H3XB    16      -1535
16      H3XT    1       -1315
17      H3XT    2       -1250
18      H3XT    3       -1225
19      H3XT    4       -1375
20      H3XT    5       -1785
21      H3XT    6       -1790
22      H3XT    7       -1275
23      H3XT    8       -1340
24      H3XT    9       -1340
25      H3XT    10      -1425
26      H3XT    11      -1400
27      H3XT    12      -1435
28      H3XT    13      -1340
29      H3XT    14      -1325
30      H3XT    15      -1235
31      H3XT    16      -1210
32      H4Y1L-l 1       -2075
33      H4Y1L-l 2       -1825
34      H4Y1L-l 3       -1975
35      H4Y1L-l 4       -2000
36      H4Y1L-l 5       -1750
37      H4Y1L-l 6       -1825
38      H4Y1L-l 7       -1650
39      H4Y1L-l 8       -1725
40      H4Y1L-l 9       -1525
41      H4Y1L-l 10      -1900
42      H4Y1L-l 11      -1675
43      H4Y1L-l 12      -1900
44      H4Y1L-l 13      -2100
45      H4Y1L-l 14      -1975
46      H4Y1L-l 15      -2050
47      H4Y1L-l 16      -2050
48      H4Y1L-r 1       -1975
49      H4Y1L-r 2       -2050
50      H4Y1L-r 3       -2100
51      H4Y1L-r 4       -1950
52      H4Y1L-r 5       -1900
53      H4Y1L-r 6       -2025
54      H4Y1L-r 7       -1700
55      H4Y1L-r 8       -1750
56      H4Y1L-r 9       -1700
57      H4Y1L-r 10      -1575
58      H4Y1L-r 11      -1825
59      H4Y1L-r 12      -2075
60      H4Y1L-r 13      -1975
61      H4Y1L-r 14      -2025
62      H4Y1L-r 15      -2100
63      H4Y1L-r 16      -2100
64      H4Y1R-l 1       -2050
65      H4Y1R-l 2       -1800
66      H4Y1R-l 3       -1775
67      H4Y1R-l 4       -1875
68      H4Y1R-l 5       -1750
69      H4Y1R-l 6       -1775
70      H4Y1R-l 7       -1775
71      H4Y1R-l 8       -1600
72      H4Y1R-l 9       -1800
73      H4Y1R-l 10      -1725
74      H4Y1R-l 11      -1600
75      H4Y1R-l 12      -1950
76      H4Y1R-l 13      -1375
77      H4Y1R-l 14      -1875
78      H4Y1R-l 15      -1975
79      H4Y1R-l 16	-2025
80      H4Y1R-r 1       -2000
81      H4Y1R-r 2       -1525
82      H4Y1R-r 3       -1925
83      H4Y1R-r 4       -2050
84      H4Y1R-r 5       -1425
85      H4Y1R-r 6       -2000
86      H4Y1R-r 7       -1925
87      H4Y1R-r 8       -1625
88      H4Y1R-r 9       -1875
89      H4Y1R-r 10      -1750
90      H4Y1R-r 11      -1900
91      H4Y1R-r 12      -1750
92      H4Y1R-r 13      -1950
93      H4Y1R-r 14      -1825
94      H4Y1R-r 15      -2100
95      H4Y1R-r 16      -2100
96      Bad     NA      -0
97      H4Y2L-l 2       -2100
98      H4Y2L-l 3       -1900
99      H4Y2L-l 4       -2050
100     H4Y2L-l 5       -1950
101     H4Y2L-l 6       -1875
102     H4Y2L-l 7       -1700
103     H4Y2L-l 8       -1775
104     H4Y2L-l 9       -1800
105     H4Y2L-l 10      -1875
106     H4Y2L-l 11      -1725
107     H4Y2L-l 12      -1675
108     H4Y2L-l 13      -1950
109     H4Y2L-l 14      -2075
110     H4Y2L-l 15      -1925
111     H4Y2L-l 16      -2100
112     H4Y2L-r 1       -1950
113     H4Y2L-r 2       -2025
114     H4Y2L-r 3       -1875
115     H4Y2L-r 4       -1700
116     H4Y2L-r 5       -1900
117     H4Y2L-r 6       -2000
118     H4Y2L-r 7       -1650
119     H4Y2L-r 8       -1700
120     H4Y2L-r 9       -1750
121     H4Y2L-r 10      -1775
122     H4Y2L-r 11      -1800
123     H4Y2L-r 12      -2050
124     H4Y2L-r 13      -2025
125     Bad     NA      -0
126     H4Y2L-r 15      -2100
127     H4Y2L-r 16      -2100
128     H4Y2R-l 1       -2100
129     H4Y2R-l 2       -1975
130     H4Y2R-l 3       -1975
131     H4Y2R-l 4       -1925
132     H4Y2R-l 5       -1800
133     H4Y2R-l 6       -1950
134     H4Y2R-l 7       -1975
135     H4Y2R-l 8       -2075
136     H4Y2R-l 9       -1950
137     H4Y2R-l 10      -1950
138     H4Y2R-l 11      -1750
139     H4Y2R-l 12      -1925
140     H4Y2R-l 13      -1800
141     H4Y2R-l 14      -1925
142     H4Y2R-l 15      -2000
143     H4Y2R-l 16      -2100
144     H4Y2R-r 1       -1900
145     H4Y2R-r 2       -1975
146     H4Y2R-r 3       -1950
147     H4Y2R-r 4       -1875
148     H4Y2R-r 5       -1650
149     H4Y2R-r 6       -1750
150     H4Y2R-r 7       -1825
151     H4Y2R-r 8       -2100
152     H4Y2R-r 9       -1725
153     H4Y2R-r 10      -1775
154     H4Y2R-r 11      -1750
155     H4Y2R-r 12      -2000
156     H4Y2R-r 13      -2025
157     H4Y2R-r 14      -2025
158     H4Y2R-r 15      -2025
159     H4Y2R-r 16      -1950
160     H4B-d   1       -1675
161     H4B-d   2       -1825
162     H4B-d   3       -1675
163     H4B-d   4       -1550
164     H4B-d   5       -1725
165     H4B-d   6       -1700
166     H4B-d   7       -2000
167     H4B-d   8       -1925
168     H4B-d   10      -1900
169     H4B-d   9       -1900
170     H4B-d   11      -1725
171     H4B-d   12      -1750
172     H4B-d   13      -1650
173     H4B-d   14      -1875
174     H4B-d   15      -1700
175     H4B-d   16      -1625
176     H4B-u   1       -1550
177     H4B-u   2       -1675
178     H4B-u   3       -1675
179     H4B-u   4       -1600
180     H4B-u   5       -1725
181     H4B-u   6       -1875
182     H4B-u   7       -1950
183     H4B-u   8       -1950
184     H4B-u   9       -2100
185     H4B-u   10      -1800
186     H4B-u   11      -1750
187     H4B-u   12      -1775
188     H4B-u   13      -1750
189     H4B-u   14      -1775
190     H4B-u   15      -1825
191     H4B-u   16      -1900
192     H4T-d   1       -1625
193     H4T-d   2       -1675
194     H4T-d   3       -1625
195     H4T-d   4       -1575
196     H4T-d   5       -1625
197     H4T-d   6       -1800
198     H4T-d   7       -1750
199     H4T-d   8       -1925
200     H4T-d   9       -2100
201     H4T-d   10      -1850
202     H4T-d   11      -1775
203     H4T-d   12      -1675
204     H4T-d   13      -1675
205     H4T-d   14      -1575
206     H4T-d   15      -1925
207     H4T-d   16      -1425
208     H4T-u   1       -1625
209     H4T-u   2       -1775
210     H4T-u   3       -1675
211     H4T-u   4       -1575
212     H4T-u   5       -1675
213     H4T-u   6       -1950
214     H4T-u   7       -1725
215     H4T-u   8       -1800
216     H4T-u   9       -1750
217     H4T-u   10      -1425
218     H4T-u   11      -1800
219     H4T-u   12      -1450
220     H4T-u   13      -1475
221     H4T-u   14      -1600
222     H4T-u   15      -1875
223     H4T-u   16      -1350
253	H4Y2L-l	1	-2100
254	H4Y2L-r	14	-1925
