0       H3XB    1            -1325	       
1       H3XB    2            -1450	
2       H3XB    3            -1575	
3       H3XB    4            -1475	
4       H3XB    5            -1400	
5       H3XB    6            -1525	
6       H3XB    7            -1425	
7       H3XB    8            -1475	
8       H3XB    9            -1475	
9       H3XB    10           -1450	
10      H3XB    11           -1625	
11      H3XB    12           -1650	
12      H3XB    13           -1250	
13      H3XB    14           -1500	
14      H3XB    15           -1350	
15      H3XB    16           -1425	
16      H3XT    1            -1435	
17      H3XT    2            -1350	
18      H3XT    3            -1300	
19      H3XT    4            -1525	
20      H3XT    5            -1835	
21      H3XT    6            -1860	
22      H3XT    7            -1375	
23      H3XT    8            -1450	
24      H3XT    9            -1450	
25      H3XT    10           -1550	
26      H3XT    11           -1550	
27      H3XT    12           -1535	
28      H3XT    13           -1440	
29      H3XT    14           -1450	
30      H3XT    15           -1360	
31      H3XT    16           -1360	
32      H4Y1L-l 1            -1925	
33      H4Y1L-l 2            -1675	
34      H4Y1L-l 3            -1825	
35      H4Y1L-l 4            -1850	
36      H4Y1L-l 5            -1600	
37      H4Y1L-l 6            -1675	
38      H4Y1L-l 7            -1500	
39      H4Y1L-l 8            -1575	
40      H4Y1L-l 9            -1375	
41      H4Y1L-l 10           -1750	
42      H4Y1L-l 11           -1525	
43      H4Y1L-l 12           -1750	
44      H4Y1L-l 13           -2150	
45      H4Y1L-l 14           -1825	
46      H4Y1L-l 15           -1900	
47      H4Y1L-l 16           -1900	
48      H4Y1L-r 1            -1825	
49      H4Y1L-r 2            -1900	
50      H4Y1L-r 3            -2025	
51      H4Y1L-r 4            -1800	
52      H4Y1L-r 5            -1750	
53      H4Y1L-r 6            -1875	
54      H4Y1L-r 7            -1550	
55      H4Y1L-r 8            -1600	
56      H4Y1L-r 9            -1550	
57      H4Y1L-r 10           -1425	
58      H4Y1L-r 11           -1675	
59      H4Y1L-r 12           -1925	
60      H4Y1L-r 13           -1825	
61      H4Y1L-r 14           -1875	
62      H4Y1L-r 15           -2000	
63      H4Y1L-r 16           -1950	
64      H4Y1R-l 1            -1900	
65      H4Y1R-l 2            -1650	
66      H4Y1R-l 3            -1625	
67      H4Y1R-l 4            -1725	
68      H4Y1R-l 5            -1600	
69      H4Y1R-l 6            -1625	
70      H4Y1R-l 7            -1625	
71      H4Y1R-l 8            -1450	
72      H4Y1R-l 9            -1650	
73      H4Y1R-l 10           -1575	
74      H4Y1R-l 11           -1450	
75      H4Y1R-l 12           -1800	
76      H4Y1R-l 13           -1225	
77      H4Y1R-l 14           -1725	
78      H4Y1R-l 15           -1825	
79      H4Y1R-l 16	     -2025	
80      H4Y1R-r 1            -1850	
81      H4Y1R-r 2            -1375	
82      H4Y1R-r 3            -1775	
83      H4Y1R-r 4            -1900	
84      H4Y1R-r 5            -1275	
85      H4Y1R-r 6            -1850	
86      H4Y1R-r 7            -1775	
87      H4Y1R-r 8            -1475	
88      H4Y1R-r 9            -1725	
89      H4Y1R-r 10           -1600	
90      H4Y1R-r 11           -1750	
91      H4Y1R-r 12           -1600	
92      H4Y1R-r 13           -1800	
93      H4Y1R-r 14           -1675	
94      H4Y1R-r 15           -1950	
95      H4Y1R-r 16           -1950	
96      Bad     NA           -   0	
97      H4Y2L-l 2            -2025	
98      H4Y2L-l 3            -1750	
99      H4Y2L-l 4            -1900	
100     H4Y2L-l 5            -1800	
101     H4Y2L-l 6            -1725	
102     H4Y2L-l 7            -1550	
103     H4Y2L-l 8            -1625	
104     H4Y2L-l 9            -1650	
105     H4Y2L-l 10           -1725	
106     H4Y2L-l 11           -1575	
107     H4Y2L-l 12           -1525	
108     H4Y2L-l 13           -1800	
109     H4Y2L-l 14           -1925	
110     H4Y2L-l 15           -1775	
111     H4Y2L-l 16           -2075	
112     H4Y2L-r 1            -1800	
113     H4Y2L-r 2            -1875	
114     H4Y2L-r 3            -1725	
115     H4Y2L-r 4            -1550	
116     H4Y2L-r 5            -1750	
117     H4Y2L-r 6            -1850	
118     H4Y2L-r 7            -1500	
119     H4Y2L-r 8            -1550	
120     H4Y2L-r 9            -1600	
121     H4Y2L-r 10           -1625	
122     H4Y2L-r 11           -1650	
123     H4Y2L-r 12           -1900	
124     H4Y2L-r 13           -1875	
125     Bad     NA           -   0	
126     H4Y2L-r 15           -1950	
127     H4Y2L-r 16           -2075	
128     H4Y2R-l 1            -1975	
129     H4Y2R-l 2            -1825	
130     H4Y2R-l 3            -1825	
131     H4Y2R-l 4            -1775	
132     H4Y2R-l 5            -1650	
133     H4Y2R-l 6            -1800	
134     H4Y2R-l 7            -1825	
135     H4Y2R-l 8            -1925	
136     H4Y2R-l 9            -1800	
137     H4Y2R-l 10           -1800	
138     H4Y2R-l 11           -1600	
139     H4Y2R-l 12           -1775	
140     H4Y2R-l 13           -1650	
141     H4Y2R-l 14           -1775	
142     H4Y2R-l 15           -1850	
143     H4Y2R-l 16           -2075	
144     H4Y2R-r 1            -1750	
145     H4Y2R-r 2            -1825	
146     H4Y2R-r 3            -1800	
147     H4Y2R-r 4            -1725	
148     H4Y2R-r 5            -1500	
149     H4Y2R-r 6            -1600	
150     H4Y2R-r 7            -1675	
151     H4Y2R-r 8            -2250	
152     H4Y2R-r 9            -1575	
153     H4Y2R-r 10           -1625	
154     H4Y2R-r 11           -1600	
155     H4Y2R-r 12           -1850	
156     H4Y2R-r 13           -1875	
157     H4Y2R-r 14           -1875	
158     H4Y2R-r 15           -1875	
159     H4Y2R-r 16           -1800	
160     H4B-d   1            -1525	
161     H4B-d   2            -1675	
162     H4B-d   3            -1525	
163     H4B-d   4            -1400	
164     H4B-d   5            -1575	
165     H4B-d   6            -1550	
166     H4B-d   7            -1850	
167     H4B-d   8            -1775	
168     H4B-d   10           -1750	
169     H4B-d   9            -1750	
170     H4B-d   11           -1575	
171     H4B-d   12           -1600	
172     H4B-d   13           -1500	
173     H4B-d   14           -1725	
174     H4B-d   15           -1550	
175     H4B-d   16           -1475	
176     H4B-u   1            -1400	
177     H4B-u   2            -1525	
178     H4B-u   3            -1525	
179     H4B-u   4            -1450	
180     H4B-u   5            -1575	
181     H4B-u   6            -1725	
182     H4B-u   7            -1800	
183     H4B-u   8            -1800	
184     H4B-u   9            -2000	
185     H4B-u   10           -1650	
186     H4B-u   11           -1600	
187     H4B-u   12           -1625	
188     H4B-u   13           -1600	
189     H4B-u   14           -1625	
190     H4B-u   15           -1675	
191     H4B-u   16           -1750	
192     H4T-d   1            -1475	
193     H4T-d   2            -1525	
194     H4T-d   3            -1475	
195     H4T-d   4            -1425	
196     H4T-d   5            -1475	
197     H4T-d   6            -1650	
198     H4T-d   7            -1600	
199     H4T-d   8            -1775	
200     H4T-d   9            -1950	
201     H4T-d   10           -1700	
202     H4T-d   11           -1625	
203     H4T-d   12           -1525	
204     H4T-d   13           -1525	
205     H4T-d   14           -1425	
206     H4T-d   15           -1775	
207     H4T-d   16           -1275	
208     H4T-u   1            -1475	
209     H4T-u   2            -1625	
210     H4T-u   3            -1525	
211     H4T-u   4            -1425	
212     H4T-u   5            -1525	
213     H4T-u   6            -1800	
214     H4T-u   7            -1575	
215     H4T-u   8            -1650	
216     H4T-u   9            -1600	
217     H4T-u   10           -1275	
218     H4T-u   11           -1650	
219     H4T-u   12           -1300	
220     H4T-u   13           -1325	
221     H4T-u   14           -1450	
222     H4T-u   15           -1725	
223     H4T-u   16           -1200	
253	H4Y2L-l	1	     -2000
254	H4Y2L-r	14	     -1775
255     H4Y1R-l 16           -1875			  
			  
			  
			  
			  
			  
		
			  
			  
			  
			  
			  
			  
			  
   
			  
