hvcrate34 [192.168.24.55] 4097 (patrolview) open
M 1 R E A VER

Reading Demand   Backup   Actual
C   0    -1140      101    -1141
C   1    -1290      101    -1290
C   2    -1305      101    -1306
C   3    -1205      101    -1206
C   4    -1190      101    -1191
C   5    -1285      101    -1286
C   6    -1265      101    -1266
C   7    -1245      101    -1246
C   8    -1245      101    -1246
C   9    -1240      101    -1241
C  10    -1365      101    -1365
C  11    -1390      101    -1391
C  12    -1050      101    -1050
C  13    -1270      101    -1271
C  14    -1140      101    -1141
C  15    -1235      101    -1236
C  16    -1235      101    -1236
C  17    -1190      101    -1191
C  18    -1160      101    -1161
C  19    -1305      101    -1307
C  20    -1525      101    -1527
C  21    -1430      101    -1432
C  22    -1235      101    -1237
C  23    -1280      101    -1282
C  24    -1290      101    -1291
C  25    -1370      101    -1372
C  26    -1360      101    -1362
C  27    -1365      101    -1367
C  28    -1300      101    -1302
C  29    -1270      101    -1272
C  30    -1210      101    -1212
C  31    -1190      101    -1192
C  32        0      101    -   0
C  33        0      101    -   0
C  34        0      101    -   0
C  35        0      101    -   1
C  36        0      101    -   0
C  37        0      101    -   5
C  38    -1500      101    -1502
C  39    -1575      101    -1577
C  40    -1375      101    -1377
C  41    -1750      101    -1752
C  42        0      101    -   8
C  43        0      101    -   0
C  44        0      101    -   0
C  45        0      101    -   0
C  46        0      101    -   0
C  47        0      101    -   0
C  48        0      101    -   0
C  49        0      101    -   0
C  50        0      101    -   0
C  51        0      101    -   0
C  52        0      101    -   0
C  53        0      101    -   9
C  54    -1550      101    -1551
C  55    -1600      101    -1602
C  56    -1550      101    -1552
C  57    -1425      101    -1427
C  58        0      101    -   8
C  59        0      101    -   0
C  60        0      101    -   0
C  61        0      101    -   0
C  62        0      101    -   0
C  63        0      101    -   0
C  64        0      101    -   0
C  65        0      101    -   1
C  66        0      101    -   0
C  67        0      101    -   0
C  68        0      101    -   0
C  69        0      101    -  10
C  70    -1750      101    -1750
C  71    -1450      101    -1450
C  72    -1775      101    -1774
C  73    -1700      101    -1700
C  74        0      101    -  11
C  75        0      101    -   1
C  76        0      101    -   0
C  77        0      101    -   0
C  78        0      101    -   0
C  79        0      101    -   0
C  80        0      101    -   0
C  81        0      101    -   0
C  82        0      101    -   0
C  83        0      101    -   0
C  84        0      101    -   0
C  85        0      101    -   8
C  86    -1775      101    -1777
C  87    -1475      101    -1477
C  88    -1725      101    -1720
C  89    -1725      101    -1727
C  90        0      101    -   8
C  91        0      101    -   0
C  92        0      101    -   0
C  93        0      101    -   0
C  94        0      101    -   0
C  95        0      101    -   0
C  96        0      101    -   0
C  97        0      101    -   0
C  98        0      101    -   0
C  99        0      101    -   8
C 100    -1720      101    -1721
C 101    -1645      101    -1646
C 102        0      101    -  10
C 103        0      101    -   0
C 104        0      101    -   0
C 105        0      101    -  10
C 106    -1700      101    -1701
C 107    -1525      101    -1526
C 108        0      101    -   7
C 109        0      101    -   1
C 110        0      101    -   0
C 111        0      101    -   0
C 112        0      101    -   0
C 113        0      101    -   0
C 114        0      101    -   0
C 115        0      101    -  10
C 116    -1670      101    -1673
C 117    -1770      101    -1774
C 118        0      101    -  11
C 119        0      101    -   0
C 120        0      101    -   0
C 121        0      101    -   6
C 122    -1775      101    -1779
C 123    -2025      101    -2030
C 124        0      101    -  22
C 125        0      101    -   0
C 126        0      101    -   0
C 127        0      101    -   0
C 128        0      101    -   0
C 129        0      101    -   0
C 130        0      101    -   0
C 131        0      101    -  28
C 132    -1570      101    -1571
C 133    -1730      101    -1733
C 134        0      101    -  11
C 135        0      101    -   0
C 136        0      101    -   0
C 137        0      101    -  12
C 138    -1725      101    -1726
C 139    -1775      101    -1777
C 140        0      101    -  19
C 141        0      101    -   0
C 142        0      101    -   0
C 143        0      101    -   0
C 144        0      101    -   0
C 145        0      101    -   0
C 146        0      101    -   0
C 147        0      101    -  18
C 148    -1430      101    -1432
C 149    -1530      101    -1531
C 150        0      101    -   8
C 151        0      101    -   0
C 152        0      101    -   0
C 153        0      101    -  12
C 154    -1725      101    -1726
C 155    -1975      101    -1977
C 156        0      101    -  17
C 157        0      101    -   0
C 158        0      101    -   0
C 159        0      101    -   0
C 160    -1355      101    -1356
C 161    -1495      101    -1496
C 162    -1415      101    -1416
C 163    -1330      101    -1331
C 164    -1395      101    -1396
C 165    -1430      101    -1431
C 166    -1650      101    -1651
C 167    -1605      101    -1606
C 168    -1570      101    -1571
C 169    -1580      101    -1582
C 170    -1425      101    -1426
C 171    -1400      101    -1402
C 172    -1350      101    -1352
C 173    -1465      101    -1466
C 174    -1320      101    -1322
C 175    -1365      101    -1367
C 176    -1220      101    -1220
C 177    -1325      101    -1325
C 178    -1295      101    -1295
C 179    -1230      101    -1231
C 180    -1455      101    -1455
C 181    -1535      101    -1536
C 182    -1600      101    -1601
C 183    -1590      101    -1591
C 184    -1730      101    -1731
C 185    -1470      101    -1471
C 186    -1425      101    -1425
C 187    -1425      101    -1426
C 188    -1390      101    -1390
C 189    -1375      101    -1376
C 190    -1425      101    -1426
C 191    -1460      101    -1460
C 192    -1406      101    -1410
C 193    -1419      101    -1424
C 194    -1469      101    -1473
C 195    -1390      101    -1395
C 196    -1375      101    -1380
C 197    -1570      101    -1574
C 198    -1554      101    -1558
C 199    -1668      101    -1672
C 200    -1805      101    -1809
C 201    -1590      101    -1594
C 202    -1595      101    -1600
C 203    -1409      101    -1413
C 204    -1424      101    -1428
C 205    -1393      101    -1397
C 206    -1664      101    -1667
C 207    -1266      101    -1365
C 208    -1401      101    -1405
C 209    -1527      101    -1531
C 210    -1454      101    -1458
C 211    -1364      101    -1368
C 212    -1423      101    -1427
C 213    -1704      101    -1708
C 214    -1540      101    -1544
C 215    -1614      101    -1618
C 216    -1534      101    -1538
C 217    -1252      101    -1256
C 218    -1613      101    -1618
C 219    -1271      101    -1274
C 220    -1302      101    -1306
C 221    -1379      101    -1383
C 222    -1670      101    -1675
C 223    -1199      101    -1202
C 224        0      101    -   0
C 225        0      101    -   0
C 226        0      101    -   0
C 227        0      101    -   0
C 228        0      101    -   0
C 229        0      101    -   0
C 230        0      101    -   0
C 231        0      101    -   0
C 232        0      101    -   0
C 233        0      101    -   0
C 234        0      101    -   0
C 235        0      101    -   0
C 236        0      101    -   0
C 237        0      101    -   0
C 238        0      101    -   0
C 239        0      101    -   0
C 240        0      101    -   0
C 241        0      101    -   0
C 242        0      101    -   0
C 243        0      101    -   0
C 244        0      101    -   0
C 245        0      101    -   0
C 246        0      101    -   0
C 247        0      101    -   0
C 248        0      101    -   0
C 249        0      101    -   0
C 250        0      101    -   0
C 251        0      101    -   0
C 252        0      101    -   0
C 253        0      101    -   0
C 254        0      101    -   0
C 255        0      101    -   0

