0       H3XB    1            -1420
1       H3XB    2            -1540	
2       H3XB    3            -1600	
3       H3XB    4            -1450	
4       H3XB    5            -1460	
5       H3XB    6            -1530	
6       H3XB    7            -1570	
7       H3XB    8            -1490	
8       H3XB    9            -1500	
9       H3XB    10           -1390	
10      H3XB    11           -1640	
11      H3XB    12           -1600	
12      H3XB    13           -1350	
13      H3XB    14           -1680	
14      H3XB    15           -1400	
15      H3XB    16           -1470	
16      H3XT    1            -1260
17      H3XT    2            -1280	
18      H3XT    3            -1230	
19      H3XT    4            -1530	
20      H3XT    5            -1700	
21      H3XT    6            -1610	
22      H3XT    7            -1370	
23      H3XT    8            -1370	
24      H3XT    9            -1480	
25      H3XT    10           -1560	
26      H3XT    11           -1440
27      H3XT    12           -1560	
28      H3XT    13           -1450	
29      H3XT    14           -1410	
30      H3XT    15           -1440	
31      H3XT    16           -1250	
32      H4Y1L-l 1            -1810	
33      H4Y1L-l 2            -1640	
34      H4Y1L-l 3            -1770	
35      H4Y1L-l 4            -1800	
36      H4Y1L-l 5            -1580	
37      H4Y1L-l 6            -1670	
38      H4Y1L-l 7            -1540	
39      H4Y1L-l 8            -1570	
40      H4Y1L-l 9            -1400	
41      H4Y1L-l 10           -1620	
42      H4Y1L-l 11           -1460	
43      H4Y1L-l 12           -1680	
44      H4Y1L-l 13           -1950	
45      H4Y1L-l 14           -1720	
46      H4Y1L-l 15           -1860	
47      H4Y1L-l 16           -1840	
48      H4Y1L-r 1            -1790	
49      H4Y1L-r 2            -1700	
50      H4Y1L-r 3            -1780	
51      H4Y1L-r 4            -1630	
52      H4Y1L-r 5            -1770	
53      H4Y1L-r 6            -1900	
54      H4Y1L-r 7            -1640	
55      H4Y1L-r 8            -1710	
56      H4Y1L-r 9            -1570	
57      H4Y1L-r 10           -1500	
58      H4Y1L-r 11           -1530	
59      H4Y1L-r 12           -1800	
60      H4Y1L-r 13           -1640	
61      H4Y1L-r 14           -1820	
62      H4Y1L-r 15           -1930	
63      H4Y1L-r 16           -1930	
64      H4Y1R-l 1            -1890	
65      H4Y1R-l 2            -1650	
66      H4Y1R-l 3            -1600	
67      H4Y1R-l 4            -1610	
68      H4Y1R-l 5            -1530	
69      H4Y1R-l 6            -1590	
70      H4Y1R-l 7            -1640	
71      H4Y1R-l 8            -1410	
72      H4Y1R-l 9            -1640	
73      H4Y1R-l 10           -1610	
74      H4Y1R-l 11           -1450	
75      H4Y1R-l 12           -1720	
76      H4Y1R-l 13           -1290	
77      H4Y1R-l 14           -1750	
78      H4Y1R-l 15           -1900	
79      Bad     NA	     -   0	
80      H4Y1R-r 16           -1790	
81      H4Y1R-r 15           -1810	
82      H4Y1R-r 14           -1610	
83      H4Y1R-r 13           -1660	
84      H4Y1R-r 12           -1460	
85      H4Y1R-r 11           -1580	
86      H4Y1R-r 10           -1430	
87      H4Y1R-r 9            -1650
88      H4Y1R-r 8            -1450	
89      H4Y1R-r 7            -1750	
90      H4Y1R-r 6            -1710	
91      H4Y1R-r 5            -1180	
92      H4Y1R-r 4            -1850	
93      H4Y1R-r 3            -1650	
94      H4Y1R-r 2            -1320	
95      H4Y1R-r 1            -1800	
96      Bad     NA           -   0	
97      H4Y2L-l 2            -1900	
98      H4Y2L-l 3            -1720	
99      H4Y2L-l 4            -1730	
100     H4Y2L-l 5            -1650	
101     H4Y2L-l 6            -1690	
102     H4Y2L-l 7            -1500	
103     H4Y2L-l 8            -1520	
104     H4Y2L-l 9            -1630	
105     H4Y2L-l 10           -1720	
106     H4Y2L-l 11           -1550	
107     H4Y2L-l 12           -1500	
108     H4Y2L-l 13           -1730	
109     H4Y2L-l 14           -1880	
110     H4Y2L-l 15           -1830	
111     H4Y2L-l 16           -1900	
112     H4Y2L-r 1            -1730	
113     H4Y2L-r 2            -1860	
114     H4Y2L-r 3            -1740	
115     H4Y2L-r 4            -1510	
116     H4Y2L-r 5            -1680	
117     H4Y2L-r 6            -1700	
118     H4Y2L-r 7            -1600	
119     H4Y2L-r 8            -1550	
120     H4Y2L-r 9            -1570	
121     H4Y2L-r 10           -1670	
122     H4Y2L-r 11           -1680	
123     H4Y2L-r 12           -1740	
124     H4Y2L-r 13           -1830	
125     Bad     NA           -   0	
126     H4Y2L-r 15           -1900	
127     H4Y2L-r 16           -2000	
128     H4Y2R-l 1            -1900	
129     H4Y2R-l 2            -1760	
130     H4Y2R-l 3            -1780	
131     H4Y2R-l 4            -1700	
132     H4Y2R-l 5            -1610	
133     H4Y2R-l 6            -1650	
134     H4Y2R-l 7            -1750	
135     H4Y2R-l 8            -1750	
136     H4Y2R-l 9            -1740	
137     H4Y2R-l 10           -1700	
138     H4Y2R-l 11           -1520	
139     H4Y2R-l 12           -1680	
140     H4Y2R-l 13           -1640	
141     H4Y2R-l 14           -1730	
142     H4Y2R-l 15           -1840	
143     H4Y2R-l 16           -1950	
144     H4Y2R-r 1            -1720	
145     H4Y2R-r 2            -1780	
146     H4Y2R-r 3            -1760	
147     H4Y2R-r 4            -1690	
148     H4Y2R-r 5            -1420	
149     H4Y2R-r 6            -1510	
150     H4Y2R-r 7            -1590	
151     H4Y2R-r 8            -1970	
152     H4Y2R-r 9            -1500	
153     H4Y2R-r 10           -1610	
154     H4Y2R-r 11           -1530	
155     H4Y2R-r 12           -1750	
156     H4Y2R-r 13           -1780	
157     H4Y2R-r 14           -1810	
158     H4Y2R-r 15           -1840	
159     H4Y2R-r 16           -1770	
160     H4B-d   1            -1556	
161     H4B-d   2            -1696	
162     H4B-d   3            -1566	
163     H4B-d   4            -1481	
164     H4B-d   5            -1596	
165     H4B-d   6            -1632	
166     H4B-d   7            -1702	
167     H4B-d   8            -1807	
168     H4B-d   9            -1782	
169     H4B-d   10           -1771	
170     H4B-d   11           -1527	
171     H4B-d   12           -1601	
172     H4B-d   13           -1552	
173     H4B-d   14           -1566	
174     H4B-d   15           -1521	
175     H4B-d   16           -1566	
176     H4B-u   1            -1462	
177     H4B-u   2            -1590	
178     H4B-u   3            -1466	
179     H4B-u   4            -1380	
180     H4B-u   5            -1656	
181     H4B-u   6            -1736	
182     H4B-u   7            -1651	
183     H4B-u   8            -1790	
184     H4B-u   9            -1931	
185     H4B-u   10           -1671	
186     H4B-u   11           -1525	
187     H4B-u   12           -1626	
188     H4B-u   13           -1590	
189     H4B-u   14           -1500	
190     H4B-u   15           -1650	
191     H4B-u   16           -1660	
192     H4T-d   1            -1421	
193     H4T-d   2            -1482	
194     H4T-d   3            -1431	
195     H4T-d   4            -1455	
196     H4T-d   5            -1340	
197     H4T-d   6            -1632	
198     H4T-d   7            -1559	
199     H4T-d   8            -1631	
200     H4T-d   9            -1768	
201     H4T-d   10           -1551	
202     H4T-d   11           -1660	
203     H4T-d   12           -1373	
204     H4T-d   13           -1429	
205     H4T-d   14           -1480	
206     H4T-d   15           -1627	
207     Bad     NA           -   0	
208     H4T-u   1            -1412	
209     H4T-u   2            -1590	
210     H4T-u   3            -1416	
211     H4T-u   4            -1426	
212     H4T-u   5            -1385	
213     H4T-u   6            -1766	
214     H4T-u   7            -1514	
215     H4T-u   8            -1575	
216     H4T-u   9            -1497	
217     H4T-u   10           -1212	
218     H4T-u   11           -1685	
219     H4T-u   12           -1232	
220     H4T-u   13           -1261	
221     H4T-u   14           -1440	
222     H4T-u   15           -1634	
223     H4T-u   16           -1169
252     H4T-d   16           -1220	
253	H4Y2L-l	1	     -1910
254	H4Y2L-r	14	     -1830
255     H4Y1R-l 16           -1890		
