0	H2B	1	-1800
1	H2B	2	-1700
2	H2B	3	-1475
3	H2B	4	-1445
4	H2B	5	-1425
5	H2B	6	-1480
6	H2B	7	-1605
7	H2B	8	-1550
8	H2B	9	-1570
9	H2B	10	-1550
10	H2B	11	-1630
11	H2B	12	-1640
12	H2B	13	-1525
13	H2B	14	-1750
14	H2B	15	-1695
15	H2B	16	-1680
32	H2L	1	-1545
33	H2L	2	-1710
34	H2L	3	-1630
35	H2L	4	-1560
36	H2L	5	-1620
37	H2L	6	-1590
38	H2L	7	-1510
39	H2L	8	-1580
40	H2L	9	-1570
41	H2L	10	-1600
42	H2L	11	-1520
43	H2L	12	-1670
44	H2L	13	-1700
45	H2L	14	-1480
46	H2L	15	-1620
47	H2L	16	-1480
64	H2L	17	-1500
65	H2L	18	-1560
66	H2L	19	-1655
67	H2R	1	-1600
68	H2R	2	-1690
69	H2R	3	-1580
70	H2R	4	-1600
71	H2R	5	-1710
72	H2R	6	-1580
73	H2R	7	-1320
74	H2R	8	-1570
75	H2R	9	-1480
76	H2R	10	-1640
77	H2R	11	-1460
78	H2R	12	-1500
79	H2R	13	-1590
112	H2R	14	-1510
113	H2R	15	-1260
114	H2R	16	-1540
115	H2R	17	-1470
116	H2R	18	-1640
117	H2R	19	-1690
118	H2T	1	-1710
119	H2T	2	-1625
120	H2T	3	-1815
121	H2T	4	-1600
122	H2T	5	-1575
123	H2T	6	-1600
124	H2T	7	-1520
125	H2T	8	-1600
126	H2T	9	-1500
127	H2T	10	-1625
144	H2T	11	-1650
145	H2T	12	-1525
146	H2T	13	-1720
147	H2T	14	-1630
148	H2T	15	-1760
149	H2T	16	-1610
240	BEAM1	1	-1740
241	BEAM2	2	-1640
242	BEAM3	3	-1550
243	BEAM4	4	-1460
