165	H1B	1	-1530
164	H1B	2	-1500
163	H1B	3	-1556
162	H1B	4	-1566
161	H1B	5	-1600
160	H1B	6	-1720
143	H1B	7	-1520
142	H1B	8	-1600
141	H1B	9	-1620
140	H1B	10	-1430
139	H1B	11	-1460
138	H1B	12	-1630
137	H1B	13	-1340
136	H1B	14	-1390
135	H1B	15	-1480
134	H1B	16	-1610
133	H1B	17	-1580
132	H1B	18	-1600
131	H1B	19	-1650
130	H1B	20	-1700
129	H1B	21	-1550
128	H1B	22	-1690
111	H1B	23	-1580
71	H1L	1	-1410
70	H1L	2	-1470
69	H1L	3	-1540
68	H1L	4	-1680
67	H1L	5	-1410
66	H1L	6	-1480
65	H1L	7	-1750
64	H1L	8	-1530
47	H1L	9	-1640
46	H1L	10	-1765
45	H1L	11	-1580
44	H1L	12	-1510
43	H1L	13	-1690
42	H1L	14	-1490
41	H1L	15	-1650
40	H1L	16	-1640
39	H1L	17	-1690
38	H1L	18	-1460
37	H1L	19	-1490
36	H1L	20	-1470
35	H1R	1	-1580
34	H1R	2	-1630
33	H1R	3	-1530
32	H1R	4	-1570
15	H1R	5	-1740
14	H1R	6	-1780
13	H1R	7	-1680
12	H1R	8	-1550
11	H1R	9	-1650
10	H1R	10	-1590
9	H1R	11	-1550
8	H1R	12	-1600
7	H1R	13	-1590
6	H1R	14	-1530
5	H1R	15	-1630
4	H1R	16	-1600
3	H1R	17	-1630
2	H1R	18	-1670
1	H1R	19	-1690
0	H1R	20	-1670
110	H1T	1	-1490
109	H1T	2	-1480
108	H1T	3	-1500
107	H1T	4	-1490
106	H1T	5	-1740
105	H1T	6	-1640
104	H1T	7	-1540
103	H1T	8	-1590
102	H1T	9	-1520
101	H1T	10	-1570
100	H1T	11	-1620
99	H1T	12	-1670
98	H1T	13	-1530
97	H1T	14	-1730
96	H1T	15	-1320
79	H1T	16	-1540
78	H1T	17	-1610
77	H1T	18	-1610
76	H1T	19	-1590
75	H1T	20	-1510
74	H1T	21	-1710
73	H1T	22	-1480
72	H1T	23	-1700
